NOAA 15                 
1 25338U 98030A   21078.48550228  .00000019  00000-0  26588-4 0  9996
2 25338  98.6927 107.7714 0010544 176.8782 183.2465 14.26017809188424
NOAA 18                 
1 28654U 05018A   21078.34950570  .00000070  00000-0  62442-4 0  9999
2 28654  99.0044 142.8176 0014592 172.8037 187.3346 14.12590267815813
METOP-A                 
1 29499U 06044A   21078.37326569 -.00000003  00000-0  17752-4 0  9996
2 29499  98.4849 121.1858 0001266 123.0878 298.2489 14.21501389747944
NOAA 19                 
1 33591U 09005A   21078.44588499  .00000001  00000-0  25677-4 0  9996
2 33591  99.1912  96.8892 0014314  28.7316 331.4641 14.12456037624216
METOP-B                 
1 38771U 12049A   21078.44855324 -.00000007  00000-0  16908-4 0  9991
2 38771  98.6903 139.7633 0000334 300.4180 240.3337 14.21500556441089
SARAL                   
1 39086U 13009A   21078.18808495 -.00000013  00000-0  11412-4 0  9998
2 39086  98.5452 265.5863 0001657 123.4434 236.6908 14.32046724421325
METOP-C                 
1 43689U 18087A   21078.38048600 -.00000010  00000-0  15294-4 0  9998
2 43689  98.6973 140.1333 0001320 276.0051  84.0976 14.21493875122650
ANGELS                  
1 44876U 19092D   21078.01260551  .00000503  00000-0  29076-4 0  9994
2 44876  97.4658 262.9470 0013594 135.8435 224.3886 15.16621520 69198
