BEIJING 1               
1 28890U 05043A   21078.49190152  .00000079  00000-0  25279-4 0  9993
2 28890  98.0602 205.8093 0015744 155.8193 204.3751 14.61323282820682
HJ-1A                   
1 33320U 08041A   21078.43450723  .00000190  00000-0  33768-4 0  9991
2 33320  97.7483 126.2915 0024049 247.6550 112.2121 14.77131060675193
HJ-1B                   
1 33321U 08041B   21078.46300881  .00000205  00000-0  35761-4 0  9996
2 33321  97.7564 128.9754 0033266 288.3914  71.3682 14.77340499675208
YAOGAN 4                
1 33446U 08061A   21078.45113307  .00000078  00000-0  18022-4 0  9999
2 33446  97.7656  29.0387 0016580 163.5137 196.6616 14.77076825662429
DEIMOS-1                
1 35681U 09041A   21078.48231333  .00000124  00000-0  27285-4 0  9997
2 35681  97.7730 306.4289 0000471 168.9551 191.1659 14.71879592624846
UK-DMC 2                
1 35683U 09041C   21078.50202699  .00000030  00000-0  12161-4 0  9998
2 35683  97.6856 271.8459 0001075  65.1521 294.9823 14.71194726624615
RISAT 1                 
1 38248U 12017A   21078.28283764  .00000457  00000-0  31679-4 0  9990
2 38248  97.5643  90.1323 0005036  40.3585 319.8017 15.10400158490117
DMC3-FM1                
1 40715U 15032A   21078.44139951  .00000047  00000-0  14715-4 0  9995
2 40715  97.9047 331.5516 0016939  63.2099 297.0825 14.73692527306150
DMC3-FM2                
1 40716U 15032B   21078.46343026  .00000032  00000-0  12383-4 0  9991
2 40716  97.9073 332.0233 0014318  71.5487 288.7273 14.73706500306166
DMC3-FM3                
1 40717U 15032C   21078.41818400  .00000039  00000-0  13499-4 0  9996
2 40717  97.9096 332.7511 0017921  64.1214 296.1832 14.73694295306157
