PROBA-1                 
1 26958U 01049B   21078.43360991  .00000726  00000-0  67147-4 0  9991
2 26958  97.7597  35.7304 0074077  62.9343 297.9438 14.95654905 56450
BIRD 2                  
1 26959U 01049C   21078.41685087  .00002186  00000-0  59599-4 0  9990
2 26959  97.8071 136.1634 0007606 186.5777 173.5368 15.38681797 76897
CUTE-1 (CO-55)          
1 27844U 03031E   21078.50099449  .00000055  00000-0  44610-4 0  9999
2 27844  98.6831  88.0679 0009487 346.0642  14.0273 14.22295037919239
CUBESAT XI-IV (CO-57)   
1 27848U 03031J   21078.46748187  .00000041  00000-0  38612-4 0  9998
2 27848  98.6891  88.6027 0009646 359.5200   0.5967 14.21873763919055
GENESIS 1               
1 29252U 06029A   21078.46878697  .00000415  00000-0  29886-4 0  9997
2 29252  64.5196 121.8495 0034131 335.1072  24.8403 15.18521316809939
FALCONSAT-3             
1 30776U 07006E   21078.01484307  .00003730  00000-0  92692-4 0  9996
2 30776  35.4348 321.1013 0002010 190.4519 169.6167 15.39896716779155
GENESIS 2               
1 31789U 07028A   21077.59109640  .00000643  00000-0  41782-4 0  9995
2 31789  64.5071 166.9114 0021347 210.2161 149.7733 15.17673410756761
APRIZESAT 4             
1 35684U 09041D   21078.19580629  .00000108  00000-0  22081-4 0  9994
2 35684  98.3041  71.4302 0047402  13.2684 346.9760 14.79346655627809
APRIZESAT 3             
1 35686U 09041F   21077.72929694  .00000123  00000-0  19823-4 0  9990
2 35686  98.1447 148.5621 0071678 233.5104 125.9494 14.87479451630853
PROBA-2                 
1 36037U 09059B   21078.09139772  .00000009  00000-0  12987-4 0  9998
2 36037  98.2244 268.3171 0014590  74.5914 285.6893 14.53143979603216
APRIZESAT 5             
1 37792U 11044E   21078.48923096  .00000070  00000-0  18489-4 0  9998
2 37792  98.3883 293.8384 0058419  13.6959 346.5817 14.75466359516057
APRIZESAT 6             
1 37793U 11044F   21077.51515678  .00000065  00000-0  18763-4 0  9994
2 37793  98.4309 268.1957 0047908  58.0002 327.0823 14.72520462514913
TET-1                   
1 38710U 12039D   21077.73326184  .00005156  00000-0  82646-4 0  9992
2 38710  97.5678 126.4919 0000142 210.9561 149.1683 15.53585574486431
PROBA-V                 
1 39159U 13021A   21078.36658396 -.00000027  00000-0  62675-5 0  9999
2 39159  98.4212 130.6123 0003899 357.6081   2.5078 14.22997424408604
STPSAT-3                
1 39380U 13064A   21077.87049912  .00001474  00000-0  43992-4 0  9991
2 39380  40.4991 246.2638 0003352 229.1744 130.8780 15.38391507409041
APRIZESAT 7             
1 39416U 13066A   21077.93633428  .00000109  00000-0  18914-4 0  9991
2 39416  97.5357  77.3091 0042475  60.3255 300.2179 14.84047864396478
APRIZESAT 8             
1 39425U 13066K   21077.91660324  .00000101  00000-0  19045-4 0  9992
2 39425  97.5759  67.7966 0053392  93.3770 267.3553 14.81254603395797
BUGSAT-1 (TITA)         
1 40014U 14033E   21077.90890164  .00000323  00000-0  34480-4 0  9995
2 40014  98.1015  54.2818 0032794 103.1496 257.3386 14.95673185368035
SAUDISAT 4              
1 40016U 14033G   21078.09797458  .00000037  00000-0  12600-4 0  9992
2 40016  97.6785 292.1976 0048374 175.8022 184.3603 14.75338680363273
APRIZESAT 9             
1 40018U 14033J   21078.46718955  .00000051  00000-0  16156-4 0  9996
2 40018  97.6984 269.2819 0070195 233.8452 125.6247 14.70033746361938
APRIZESAT 10            
1 40019U 14033K   21078.46255874  .00000058  00000-0  18388-4 0  9999
2 40019  97.7289 258.5518 0082783 269.0278  90.1442 14.67089077361261
TDS 1                   
1 40076U 14037H   21078.08406886  .00000389  00000-0  53152-4 0  9990
2 40076  98.4451 280.2794 0008194  98.0924 262.1219 14.84678499362202
TIANTUO 2               
1 40144U 14053B   21078.31400623  .00001259  00000-0  38855-4 0  9993
2 40144  97.2269 162.3214 0012782  45.2149 359.8189 15.35342656365225
TECHNOSAT               
1 42829U 17042E   21078.20631230  .00000265  00000-0  31878-4 0  9998
2 42829  97.4831 312.4657 0015749  88.6133 271.6890 14.91237167200233
FLYING LAPTOP           
1 42831U 17042G   21077.84509859 -.00000255  00000-0 -20369-4 0  9995
2 42831  97.4840 312.3230 0015638  89.3315 270.9699 14.91253079200182
HAWK-A                  
1 43765U 18099H   21078.46681763  .00000396  00000-0  40100-4 0  9998
2 43765  97.6702 151.7792 0014741   2.2284 357.9000 14.96249243125090
HAWK-B                  
1 43794U 18099AN  21077.73158904  .00000359  00000-0  36853-4 0  9994
2 43794  97.6702 151.0587 0014863   4.5108 355.6245 14.96249482124979
HAWK-C                  
1 43799U 18099AT  21077.73141356  .00000344  00000-0  35535-4 0  9992
2 43799  97.6701 150.9747 0014788   4.4884 355.6467 14.96249880125727
SALSAT                  
1 46495U 20068K   21077.87766787  .00000459  00000-0  38228-4 0  9992
2 46495  97.6876  15.9547 0018080  25.3497 334.8610 15.03383764 25722
