SA
STARLETTE               
1 07646U 75010A   21077.86940305 -.00000144  00000-0 -22909-5 0  9996
2 07646  49.8236 108.3665 0205765 212.6540 146.1491 13.82309084329469
LAGEOS 1                
1 08820U 76039A   21077.70422328  .00000022  00000-0  00000-0 0  9992
2 08820 109.8260 242.8481 0045060 351.7339 350.3552  6.38664750791051
AJISAI (EGS)            
1 16908U 86061A   21078.08909194 -.00000096  00000-0  10731-4 0  9995
2 16908  50.0079 279.2239 0011292 344.2407 153.9094 12.44493511242148
COSMOS 1989 (ETALON 1)  
1 19751U 89001C   21077.72094022  .00000013  00000-0  00000-0 0  9998
2 19751  64.2154 138.0536 0023119 211.8161  91.4208  2.13156397250513
COSMOS 2024 (ETALON 2)  
1 20026U 89039C   21078.33662894 -.00000066  00000-0  00000+0 0  9990
2 20026  65.5369  15.8064 0018286 220.2338  29.4101  2.13204386247655
LAGEOS 2                
1 22195U 92070B   21077.86713434 -.00000009  00000-0  00000-0 0  9990
2 22195  52.6742  37.7189 0137471  69.4576 183.0279  6.47293595671477
STELLA                  
1 22824U 93061B   21077.91378616 -.00000050  00000-0 -14853-5 0  9998
2 22824  98.9782  81.8184 0007041  40.8201  58.8791 14.27383591431391
LARES                   
1 38077U 12006A   21077.69069936 -.00000031  00000-0  48727-4 0  9996
2 38077  69.4963 325.7925 0006879  40.2576 319.8959 12.54931016416727
