C
GORIZONT 1 [-]          
1 11158U 78118A   21077.78130165 -.00000165  00000-0  00000-0 0  9992
2 11158  11.5661 224.0438 3566979 255.8564  62.5723  1.00237761103726
GORIZONT 2 [-]          
1 11440U 79062A   21077.44216073 -.00000177  00000-0  00000-0 0  9994
2 11440  10.3185 307.2491 0002628 358.3580 112.5591  1.00302326118805
GORIZONT 3 [-]          
1 11648U 79105A   21077.82202453 -.00000346  00000-0  00000-0 0  9999
2 11648  10.4632 308.5707 0010821 194.8955  77.1460  1.00251794103267
GORIZONT 4 [-]          
1 11841U 80049A   21077.50160361 -.00000241  00000-0  00000-0 0  9993
2 11841  11.5773 313.8777 0003433  24.4822 162.1733  0.98631410214611
GORIZONT 5 [-]          
1 13092U 82020A   21077.87074816 -.00000109  00000-0  00000-0 0  9996
2 13092  12.5050 318.9625 0031156 197.4326 354.7336  0.98532675102719
GORIZONT 6 [-]          
1 13624U 82103A   21077.39828017 -.00000284  00000-0  00000+0 0  9999
2 13624  11.4057 318.9052 0001595  85.8978 230.1868  1.00222746101722
GORIZONT 7 [-]          
1 14160U 83066A   21078.12827312 -.00000183  00000-0  00000+0 0  9991
2 14160  12.9483 327.7184 0010561 323.6368 255.1630  0.98349008135942
GORIZONT 8 [-]          
1 14532U 83118A   21077.97468156 -.00000189  00000-0  00000+0 0  9997
2 14532  13.0916 329.4784 0028300 131.1488  63.3200  0.98271379101702
GORIZONT 9 [-]          
1 14940U 84041A   21077.76577419  .00000083  00000-0  00000-0 0  9999
2 14940  12.2963 327.6941 0001723 200.1476 337.1429  1.00270489102720
GORIZONT 10 [-]         
1 15144U 84078A   21078.04071913 -.00000238  00000-0  00000+0 0  9998
2 15144  12.3749 328.6821 0003107  26.7516 163.5800  1.00278013135397
GORIZONT 11 [-]         
1 15484U 85007A   21077.26691344 -.00000111  00000-0  00000+0 0  9997
2 15484  12.5187 330.6051 0003578  74.4269 214.8344  1.00283657133400
GORIZONT 12 [-]         
1 16769U 86044A   21077.49980013  .00000069  00000-0  00000-0 0  9997
2 16769  13.0428 335.8058 0002497   4.7868  68.6910  1.00329887128049
GORIZONT 13 [-]         
1 17083U 86090A   21077.49709549 -.00000121  00000-0  00000-0 0  9991
2 17083  14.7989 342.6245 0016734 337.2692 235.7631  0.96726421100104
GORIZONT 14 [-]         
1 17969U 87040A   21078.03810206 -.00000132  00000-0  00000+0 0  9995
2 17969  13.9138 334.3253 0028375 156.3859  13.7108  0.97659229101139
GORIZONT 15 [-]         
1 19017U 88028A   21077.80651677 -.00000150  00000-0  00000-0 0  9998
2 19017  15.0134 345.6005 0034216 139.0406 110.1381  0.97829739100758
GORIZONT 16 [-]         
1 19397U 88071A   21077.80681769 -.00000364  00000-0  00000-0 0  9999
2 19397  13.8784 344.3291 0017466  39.3388 206.3093  0.99978786119070
GORIZONT 17 [-]         
1 19765U 89004A   21077.47129734 -.00000086  00000-0  00000-0 0  9998
2 19765  14.3566 347.5575 0021765 108.9958 167.1445  0.99064393116584
GORIZONT 18 [-]         
1 20107U 89052A   21077.85141723  .00000000  00000-0  00000-0 0  9992
2 20107  14.3680 348.8375 0035804 309.9975 209.7820  0.99401724115364
GORIZONT 19 [-]         
1 20263U 89081A   21078.17132854 -.00000360  00000-0  00000+0 0  9997
2 20263  14.1086 348.0925 0002211 342.6189  18.8689  1.00243173115283
GORIZONT 20 [-]         
1 20659U 90054A   21077.86165325  .00000002  00000-0  00000-0 0  9995
2 20659  14.4802 350.9668 0004138 132.2819  67.4601  1.00229909112473
GORIZONT 21 [-]         
1 20923U 90094A   21077.51774853  .00000048  00000-0  00000+0 0  9996
2 20923  14.4727 351.7641 0000910 228.7239 326.3907  1.00239169111221
GORIZONT 22 [-]         
1 20953U 90102A   21077.14341647  .00000026  00000-0  00000-0 0  9996
2 20953  14.4270 352.0958 0005954   3.5725 238.7258  1.00300482111147
GORIZONT 23 [-]         
1 21533U 91046A   21077.53452038 -.00000010  00000-0  00000-0 0  9993
2 21533  15.0938 356.1122 0006679 333.8517  76.7360  0.98907949 27733
GORIZONT 24 [-]         
1 21759U 91074A   21077.40640426 -.00000068  00000-0  00000-0 0  9993
2 21759  15.2033 357.9348 0014710 219.0921  26.8179  0.98442379106080
GORIZONT 25 [-]         
1 21922U 92017A   21075.84186257 -.00000222  00000-0  00000-0 0  9998
2 21922  14.7566 357.3938 0030142  61.1619 156.6375  0.99844301105781
GORIZONT 26 [-]         
1 22041U 92043A   21076.97563352 -.00000022  00000-0  00000-0 0  9998
2 22041  14.8797 359.2872 0027638 226.9093 327.3477  0.99243835104449
GORIZONT 27 [-]         
1 22245U 92082A   21077.46129890  .00000079  00000-0  00000-0 0  9998
2 22245  14.8018 359.0504 0015971 356.5575 209.1971  1.00159095107911
GORIZONT 28 [-]         
1 22880U 93069A   21078.17647014 -.00000288  00000-0  00000+0 0  9993
2 22880  14.8476   2.7601 0032267 112.6707  82.9420  0.99655491100040
GORIZONT 29 [-]         
1 22907U 93072A   21077.60388115 -.00000068  00000-0  00000-0 0  9995
2 22907  14.7704   2.3002 0013756 339.1789 304.0347  1.00114642 99978
GORIZONT 30 [-]         
1 23108U 94030A   21077.20480542  .00000015  00000-0  00000-0 0  9998
2 23108  14.7611   3.2339 0002410   5.2129 246.4261  1.00307653 98234
GORIZONT 31 [-]         
1 23775U 96005A   21077.40721066 -.00000016  00000-0  00000-0 0  9995
2 23775  14.5155   9.2611 0015505 190.9599  10.5987  0.99883190 91900
GORIZONT 32 [-]         
1 23880U 96034A   21077.53105128  .00000123  00000-0  00000-0 0  9991
2 23880  14.4506   9.8097 0011705 342.1830  48.2362  1.00166844 90836
GORIZONT 33 [-]         
1 26372U 00029A   21077.64312527  .00000036  00000-0  00000-0 0  9997
2 26372  12.8870  20.5682 0005023  22.5701 185.2986  1.00291574 76201
