INTELSAT 26 (IS-26)     
1 24732U 97007A   21077.86240569  .00000006  00000-0  00000-0 0  9994
2 24732   9.4254  41.3714 0006915 345.4281 163.9221  1.00273601 53521
GALAXY 25 (G-25)        
1 24812U 97026A   21077.83850859  .00000154  00000-0  00000-0 0  9994
2 24812   2.5766  88.0129 0003300 321.4555 101.8634  1.00272877 87163
INTELSAT 5 (IS-5)       
1 24916U 97046A   21077.60391046  .00000090  00000-0  00000+0 0  9992
2 24916   6.2718  63.9776 0003051 311.5687 241.2233  1.00272487 86390
GALAXY 11 (G-11)        
1 26038U 99071A   21077.88517980 -.00000163  00000-0  00000-0 0  9999
2 26038   1.8692  93.8348 0001353 180.5867 127.7961  1.00272124 77869
INTELSAT 9 (IS-9)       
1 26451U 00043A   21078.35403005 -.00000286  00000-0  00000+0 0  9999
2 26451   6.2605  64.1613 0002517 299.5257 250.8829  1.00273080 75630
INTELSAT 12 (IS-12)     
1 26590U 00068A   21077.76821848  .00000012  00000-0  00000-0 0  9990
2 26590   3.5765  83.8046 0004082 306.8363 126.6818  1.00272000 32494
INTELSAT 1R (IS-1R)     
1 26608U 00072A   21077.86328360 -.00000139  00000-0  00000-0 0  9998
2 26608   3.3536  83.7936 0000587 172.3022  28.3990  1.00272067 22108
INTELSAT 10 (IS-10)     
1 26766U 01019A   21077.91728035 -.00000105  00000-0  00000-0 0  9997
2 26766   4.5158  77.0088 0004246 299.4083 198.6701  1.00636617 26407
INTELSAT 901 (IS-901)   
1 26824U 01024A   21077.89817569 -.00000203  00000-0  00000+0 0  9994
2 26824   0.0040 144.9846 0000993 212.1249 115.3849  1.00271529 72373
INTELSAT 902 (IS-902)   
1 26900U 01039A   21078.35403005 -.00000283  00000-0  00000+0 0  9991
2 26900   1.2795  93.8558 0002716 276.6787 243.9299  1.00271434 71558
INTELSAT 904 (IS-904)   
1 27380U 02007A   21078.34007809 -.00000214  00000-0  00000+0 0  9995
2 27380   2.1155  90.6004 0003338 266.2827 273.1309  1.00271682 69877
DIRECTV 5 (TEMPO 1)     
1 27426U 02023A   21078.19486661 -.00000056  00000-0  00000+0 0  9998
2 27426   0.0193 196.4370 0003242 163.0547 137.4758  1.00272671 69098
INTELSAT 905 (IS-905)   
1 27438U 02027A   21077.82699347 -.00000185  00000-0  00000-0 0  9995
2 27438   1.9357  91.4330 0002779 258.5679  99.8080  1.00272936 32142
GALAXY 3C (G-3C)        
1 27445U 02030A   21077.54474500 -.00000153  00000-0  00000+0 0  9992
2 27445   0.0239 277.3852 0002094  56.2836 303.6999  1.00277240 68733
INTELSAT 906 (IS-906)   
1 27513U 02041A   21077.86210639  .00000014  00000-0  00000-0 0  9992
2 27513   0.9434  95.8094 0003186 264.7273 190.5747  1.00272025 67818
GALAXY 12 (G-12)        
1 27715U 03013B   21077.63838240  .00000058  00000-0  00000-0 0  9993
2 27715   2.1494  90.0742 0001926 265.2656 281.8650  1.00272026 32876
GALAXY 23 (G-23)        
1 27854U 03034A   21078.47943553  .00000013  00000-0  00000+0 0  9997
2 27854   0.0403 257.9021 0002893 102.8109 228.1119  1.00272802 69331
GALAXY 13 (HORIZONS 1)  
1 27954U 03044A   21078.52483556  .00000048  00000-0  00000+0 0  9995
2 27954   0.0339 265.1992 0001098 277.9695  55.9998  1.00270464 63942
INTELSAT 10-02          
1 28358U 04022A   21077.57017164 -.00000012  00000-0  00000+0 0  9995
2 28358   0.0157 170.5018 0001608 175.3265  34.7386  1.00272630 61400
XM-3 (RHYTHM)           
1 28626U 05008A   21078.28579039 -.00000205  00000-0  00000+0 0  9995
2 28626   0.0192 191.6786 0002014 263.5638  99.4871  1.00267958 58858
DIRECTV 8               
1 28659U 05019A   21077.55881167 -.00000000  00000-0  00000+0 0  9993
2 28659   0.0137 202.5433 0002938 152.4762 263.4137  1.00272288 57964
GALAXY 28 (G-28)        
1 28702U 05022A   21078.50144382 -.00000185  00000-0  00000+0 0  9997
2 28702   0.0182 138.0606 0002097 202.0011 288.7032  1.00269591 57612
GALAXY 14 (G-14)        
1 28790U 05030A   21078.20357594 -.00000177  00000-0  00000+0 0  9992
2 28790   0.1337  92.9790 0004344 244.1901 176.5330  1.00531813 57081
GALAXY 15 (G-15)        
1 28884U 05041A   21078.34716104  .00000079  00000-0  00000+0 0  9999
2 28884   0.0218 238.6115 0001907 140.4648 149.9886  1.00270892 56413
SPACEWAY 2              
1 28903U 05046B   21077.63094329  .00000103  00000-0  00000+0 0  9993
2 28903   0.8340  92.1335 0000322 192.9350 339.5579  1.00272954 56279
GALAXY 16 (G-16)        
1 29236U 06023A   21078.49453361 -.00000127  00000-0  00000+0 0  9996
2 29236   0.0209 254.1792 0002833 125.2132 236.8678  1.00271711 54051
DIRECTV 9S              
1 29494U 06043A   21078.20006559 -.00000114  00000-0  00000+0 0  9992
2 29494   0.0213 217.2160 0003240 150.0204 140.5337  1.00272494 52892
XM-4 (BLUES)            
1 29520U 06049A   21078.39445484 -.00000024  00000-0  00000+0 0  9992
2 29520   0.0129 168.3722 0000642 172.1909 223.3017  1.00281012 52787
GALAXY 17 (G-17)        
1 31307U 07016B   21078.20699671 -.00000175  00000-0  00000+0 0  9999
2 31307   0.0218 183.4681 0003178 168.7391 168.2802  1.00271066 50861
DIRECTV 10              
1 31862U 07032A   21078.41044883 -.00000104  00000-0  00000+0 0  9997
2 31862   0.0278 348.6419 0000044 315.5717 277.9055  1.00272703 50193
SPACEWAY 3              
1 32018U 07036A   21078.50418856 -.00000152  00000-0  00000+0 0  9993
2 32018   0.0410 343.1132 0000263 290.1183 350.5829  1.00272448 49916
INTELSAT 11 (IS-11)     
1 32253U 07044B   21078.03871271 -.00000269  00000-0  00000+0 0  9994
2 32253   0.0107 136.2889 0001749 218.8741 152.5765  1.00273250 49312
HORIZONS 2              
1 32388U 07063B   21078.08131953 -.00000183  00000-0  00000+0 0  9990
2 32388   0.0206 207.2195 0002941 150.3713 293.3696  1.00270751 48661
DIRECTV 11              
1 32729U 08013A   21078.49453392 -.00000126  00000-0  00000+0 0  9991
2 32729   0.0172  16.4769 0000138  16.7679 222.8514  1.00272476 47729
GALAXY 18 (G-18)        
1 32951U 08024A   21078.23193501  .00000025  00000-0  00000+0 0  9992
2 32951   0.0010 136.5833 0002916 224.4918 136.3898  1.00272431 46873
INTELSAT 25 (IS-25)     
1 33153U 08034A   21077.82568493 -.00000225  00000-0  00000-0 0  9992
2 33153   0.0178 218.5330 0003148 129.4754  94.3204  1.00272220 46483
GALAXY 19 (G-19)        
1 33376U 08045A   21078.20357564 -.00000140  00000-0  00000+0 0  9994
2 33376   0.0107 136.7249 0002911 230.4297 146.0802  1.00271756 45621
FM-5                    
1 35493U 09034A   21078.42171622 -.00000200  00000-0  00000+0 0  9995
2 35493   0.0346 310.1249 0000301  37.0190 255.6932  1.00269871 42768
INTELSAT 14 (IS-14)     
1 36097U 09064A   21078.18098295 -.00000274  00000-0  00000+0 0  9997
2 36097   0.0141 210.8497 0002432 140.4809 205.7476  1.00273804 41484
INTELSAT 15 (IS-15)     
1 36106U 09067A   21078.43729972 -.00000186  00000-0  00000+0 0  9994
2 36106   0.0185 138.1737 0002235 219.4137  62.1736  1.00272699 41399
DIRECTV 12              
1 36131U 09075A   21078.19920485 -.00000104  00000-0  00000+0 0  9996
2 36131   0.0154 266.3409 0000073 161.0818  78.5251  1.00272367 41170
INTELSAT 16 (IS-16)     
1 36397U 10006A   21077.81661240 -.00000245  00000-0  00000-0 0  9992
2 36397   0.0200 144.0921 0001985 211.5200  38.7411  1.00272835 40564
XM-5                    
1 37185U 10053A   21077.88675005 -.00000206  00000-0  00000+0 0  9997
2 37185   0.0142 192.8450 0005559  35.0280 182.8364  1.00272541 38234
INTELSAT 17 (IS-17)     
1 37238U 10065B   21077.86369222 -.00000002  00000-0  00000+0 0  9992
2 37238   0.0176 198.6820 0002548 170.8614 183.9918  1.00271425 37707
INTELSAT NEW DAWN       
1 37392U 11016A   21077.81725110  .00000154  00000-0  00000-0 0  9995
2 37392   0.0250 227.8479 0000680 236.0326  39.6813  1.00271886 34086
INTELSAT 18 (IS-18)     
1 37834U 11056A   21077.86781986  .00000052  00000-0  00000+0 0  9994
2 37834   0.0037  62.4617 0001853 300.6133 305.9527  1.00273099 34634
INTELSAT 22 (IS-22)     
1 38098U 12011A   21077.76842432 -.00000060  00000-0  00000-0 0  9993
2 38098   0.0190 133.4011 0002768 232.3548 159.4970  1.00272174 32603
INTELSAT 19 (IS-19)     
1 38356U 12030A   21078.47419215 -.00000057  00000-0  00000+0 0  9994
2 38356   0.0157 142.8664 0002949 214.8406 156.2240  1.00272002 32302
INTELSAT 20 (IS-20)     
1 38740U 12043A   21077.84557470 -.00000025  00000-0  00000-0 0  9997
2 38740   0.0223 148.4983 0001220  29.4258  11.5719  1.00270319 31532
INTELSAT 21 (IS-21)     
1 38749U 12045A   21078.22696645 -.00000285  00000-0  00000+0 0  9996
2 38749   0.0157 210.4500 0001948 146.9973 203.2422  1.00272746 31423
INTELSAT 23 (IS-23)     
1 38867U 12057A   21078.23023778 -.00000285  00000-0  00000+0 0  9992
2 38867   0.0104 206.6086 0001554 147.6731 212.5781  1.00269803 30896
FM-6                    
1 39360U 13058A   21077.64675146 -.00000018  00000-0  00000-0 0  9994
2 39360   0.0291 258.7929 0001059 308.1036  86.1737  1.00273205 26845
INTELSAT 30 (IS-30)     
1 40271U 14062A   21077.41889843 -.00000152  00000-0  00000+0 0  9997
2 40271   0.0190 179.3270 0001821 314.6723  97.9375  1.00266952 23548
DIRECTV 14              
1 40333U 14078B   21078.20180181 -.00000126  00000-0  00000+0 0  9991
2 40333   0.0136 165.0528 0000429 152.6336 192.6520  1.00271439 23033
DIRECTV 15              
1 40663U 15026A   21078.41044940 -.00000104  00000-0  00000+0 0  9992
2 40663   0.0250 112.2723 0000796 116.2746 353.5081  1.00275318 21325
SKY MEXICO-1            
1 40664U 15026B   21078.18532781 -.00000235  00000-0  00000+0 0  9997
2 40664   0.0153 117.8442 0002395 257.3015 149.7329  1.00272683 21322
INTELSAT 34 (IS-34)     
1 40874U 15039A   21078.22859758 -.00000286  00000-0  00000+0 0  9991
2 40874   0.0185 153.2174 0000580  62.3382 348.2199  1.00270706 20404
INTELSAT 31 (IS-31)     
1 41581U 16035A   21078.50417171 -.00000151  00000-0  00000+0 0  9995
2 41581   0.0140 210.0720 0002820   3.7744  49.8414  1.00267855 17489
INTELSAT 36 (IS-36)     
1 41747U 16053A   21078.03660682 -.00000025  00000-0  00000+0 0  9994
2 41747   0.0133 184.2903 0001146 173.3891 260.8085  1.00269823 16752
INTELSAT 33E (IS-33E)   
1 41748U 16053B   21078.14400617  .00000048  00000-0  00000+0 0  9991
2 41748   0.0439 339.9340 0001551  13.1058 295.6853  1.00273609 17007
INTELSAT 32E (IS-32E)   
1 41945U 17007B   21078.24841170 -.00000269  00000-0  00000+0 0  9990
2 41945   0.0191 160.5695 0000557 126.3507 296.3220  1.00273685 15034
INTELSAT 35E (IS-35E)   
1 42818U 17041A   21077.82507427 -.00000239  00000-0  00000-0 0  9993
2 42818   0.0244 220.5125 0001914 140.9067  77.6968  1.00271590 13646
INTELSAT 37E (IS-37E)   
1 42950U 17059A   21077.90009487 -.00000141  00000-0  00000-0 0  9993
2 42950   0.0190 185.7198 0002090 176.5138 120.4628  1.00272602 12841
AZERSPACE 2 (IS-38)     
1 43632U 18074A   21078.01397068  .00000136  00000-0  00000+0 0  9999
2 43632   0.0194 150.2894 0001358 202.0701 234.5499  1.00271858  9267
HORIZONS 3E             
1 43633U 18074B   21078.39608413 -.00000031  00000-0  00000+0 0  9995
2 43633   0.0369 355.8222 0000848 307.6688 185.2242  1.00272396  9119
AT&T T-16               
1 44333U 19034A   21077.65701860 -.00000116  00000-0  00000-0 0  9993
2 44333   0.0223 256.5721 0001106 295.9006 119.6013  1.00273786  6420
INTELSAT 39 (IS-39)     
1 44476U 19049B   21078.02510469  .00000033  00000-0  00000+0 0  9998
2 44476   0.0183 206.4134 0001229 328.6620  72.6830  1.00270678  5934
GALAXY 30               
1 46114U 20056C   21078.39666183  .00000036  00000-0  00000+0 0  9997
2 46114   0.0194 195.3450 0001797 170.0877 189.5129  1.00271400  2207
