O
CALSPHERE 1             
1 00900U 64063C   21078.40815198  .00000272  00000-0  28197-3 0  9993
2 00900  90.1631  32.9098 0026282 314.9220 142.3138 13.73499737808194
CALSPHERE 2             
1 00902U 64063E   21077.94740273  .00000027  00000-0  27422-4 0  9993
2 00902  90.1745  35.6849 0019520  35.1809  36.9480 13.52692772597192
LCS 1                   
1 01361U 65034C   21078.20791174  .00000002  00000-0 -87835-3 0  9995
2 01361  32.1446  46.1841 0009710  62.1712 297.9769  9.89298780 20486
TEMPSAT 1               
1 01512U 65065E   21077.85340166  .00000026  00000-0  33643-4 0  9992
2 01512  89.8890 222.9679 0068591 228.8046 286.1605 13.33435425704652
CALSPHERE 4A            
1 01520U 65065H   21077.87108299  .00000037  00000-0  51945-4 0  9999
2 01520  90.0179 129.8748 0072116 107.9042 314.7018 13.35836967706834
OPS 5712 (P/L 160)      
1 02826U 67053A   21077.91202301  .00000578  00000-0  16704-3 0  9995
2 02826  69.9264 276.5002 0008377 263.3342  96.6838 14.49414969786705
OPS 5712 (P/L 153)      
1 02874U 67053H   21077.91662284 -.00000024  00000-0  20993-4 0  9991
2 02874  69.9718 260.8321 0007336 185.1013 175.0019 13.96365118739716
SURCAL 150B             
1 02909U 67053J   21077.98615791  .00000818  00000-0  17574-3 0  9998
2 02909  69.9465 287.1961 0005510 290.3228  69.7320 14.62207485797506
RIGIDSPHERE 2 (LCS 4)   
1 05398U 71067E   21077.77340609  .00000181  00000-0  56884-4 0  9994
2 05398  87.6268 148.7630 0065867  88.7290 272.1452 14.33971275598950
COSMOS 2493 (SKRL-756 1)
1 39490U 13078A   21078.35571384  .00000283  00000-0  27500-4 0  9999
2 39490  82.4177 310.0260 0017726 161.8369 198.3486 14.88749877392304
COSMOS 2494 (SKRL-756 2)
1 39491U 13078B   21078.42494667  .00000300  00000-0  28199-4 0  9991
2 39491  82.4171 304.7023 0022871 142.6700 217.6113 14.90142332392576
