SARSAT 7 (NOAA 15)      
1 25338U 98030A   21078.48550228  .00000019  00000-0  26588-4 0  9996
2 25338  98.6927 107.7714 0010544 176.8782 183.2465 14.26017809188424
METEOSAT-8 (MSG-1)      
1 27509U 02040B   21077.56785549  .00000137  00000-0  00000-0 0  9996
2 27509   7.2101  52.8906 0001389 304.6552  64.6143  1.00275256 68042
GPS BIIR-08             
1 27663U 03005A   21077.30503620 -.00000008  00000-0  00000-0 0  9997
2 27663  55.8424 291.1419 0120949  37.1445 135.5845  2.00564853132864
GPS BIIR-11             
1 28190U 04009A   21076.59142116 -.00000093  00000-0  00000-0 0  9991
2 28190  56.2144 352.0290 0088820 103.0869  69.2575  2.00569952124489
GPS BIIR-13             
1 28474U 04045A   21077.13698439 -.00000065  00000-0  00000-0 0  9990
2 28474  55.1428  41.8036 0205704 272.0316 210.2463  2.00568444119982
SARSAT 10 (NOAA 18)     
1 28654U 05018A   21078.34950570  .00000070  00000-0  62442-4 0  9999
2 28654  99.0044 142.8176 0014592 172.8037 187.3346 14.12590267815813
GPS BIIR-14M            
1 28874U 05038A   21077.63711596 -.00000090  00000-0  00000-0 0  9990
2 28874  56.3017 349.3961 0136773 269.9296 319.3385  2.00576766113396
METEOSAT-9 (MSG-2)      
1 28912U 05049B   21077.26570976  .00000016  00000-0  00000-0 0  9996
2 28912   5.0121  68.8874 0000998 254.5416 311.5556  1.00271595 55812
GOES 13                 
1 29155U 06018A   21077.77757804  .00000035  00000-0  00000-0 0  9997
2 29155   0.3444 275.2427 0003311 330.6656 272.1360  1.00271762 24154
SARSAT 11 (METOP-A)     
1 29499U 06044A   21078.37326569 -.00000003  00000-0  17752-4 0  9996
2 29499  98.4849 121.1858 0001266 123.0878 298.2489 14.21501389747944
GPS BIIR-16M            
1 29601U 06052A   21076.87689366 -.00000010  00000-0  00000-0 0  9992
2 29601  55.8365 290.0829 0082379  67.3420 293.5577  2.00551811104953
GPS BIIR-17M            
1 32260U 07047A   21077.68975056 -.00000003  00000-0  00000-0 0  9998
2 32260  53.2181 159.4291 0128687  55.1162 306.1403  2.00573697 98371
GPS BIIR-18M            
1 32384U 07062A   21077.24228177 -.00000091  00000-0  00000-0 0  9996
2 32384  56.4063 350.1175 0014200 126.1597  40.8083  2.00564728 97065
SARSAT 12 (NOAA 19)     
1 33591U 09005A   21078.44588499  .00000001  00000-0  25677-4 0  9996
2 33591  99.1912  96.8892 0014314  28.7316 331.4641 14.12456037624216
GOES 14                 
1 35491U 09033A   21078.49097858 -.00000093  00000-0  00000+0 0  9997
2 35491   0.0969 137.4792 0010397  87.7286  24.4127  1.00273301 42945
GOES 15                 
1 36411U 10008A   21077.63843834  .00000055  00000-0  00000+0 0  9999
2 36411   0.1458 246.8946 0003948 146.4824 244.4429  1.00272361 40440
GLONASS-K 1             
1 37372U 11009A   21077.67452655 -.00000064  00000-0  00000-0 0  9991
2 37372  65.9241  18.5968 0013722 231.3589 254.9145  2.13081372 78253
GPS BIIF-2              
1 37753U 11036A   21077.54022293 -.00000053  00000-0  00000-0 0  9999
2 37753  56.3612  46.5064 0103952  46.2420 127.7390  2.00562659 70835
GSAT0101 (GALILEO-PFM)  
1 37846U 11060A   21076.88728213 -.00000071  00000-0  00000-0 0  9990
2 37846  56.7923  33.7835 0004397 339.7110  20.2506  1.70475416 58438
GSAT0102 (GALILEO-FM2)  
1 37847U 11060B   21076.36856281 -.00000073  00000-0  00000-0 0  9993
2 37847  56.7930  33.7970 0005774 320.9727 126.8562  1.70475616 58430
LUCH 5A                 
1 37951U 11074B   21078.56827359 -.00000045  00000-0  00000+0 0  9990
2 37951   3.9021 107.4660 0004247 288.3313 153.0791  1.00273934 33989
METEOSAT-10 (MSG-3)     
1 38552U 12035B   21077.83371062  .00000059  00000-0  00000-0 0  9995
2 38552   1.2154   1.9797 0000878 354.9933 128.9764  1.00269323 31647
SARSAT 13 (METOP-B)     
1 38771U 12049A   21078.44855324 -.00000007  00000-0  16908-4 0  9991
2 38771  98.6903 139.7633 0000334 300.4180 240.3337 14.21500556441089
GPS BIIF-3              
1 38833U 12053A   21075.78305079  .00000017  00000-0  00000-0 0  9998
2 38833  53.5909 222.1226 0108179  41.2224 319.5451  2.00570499 61074
GSAT0103 (GALILEO-FM3)  
1 38857U 12055A   21076.92894625  .00000006  00000-0  00000-0 0  9991
2 38857  55.0241 154.2547 0003968 259.8217 100.1984  1.70473767 52325
GSAT0104 (GALILEO-FM4)  
1 38858U 12055B   21076.86340193  .00000006  00000-0  00000-0 0  9991
2 38858  55.0251 154.2561 0002709 263.2552  96.7789  1.70473670 52333
GPS BIIF-4              
1 39166U 13023A   21077.14584552 -.00000089  00000-0  00000-0 0  9993
2 39166  55.9499 345.9623 0091089  32.5815 328.0117  2.00563528 57433
INSAT-3D                
1 39216U 13038B   21077.94905670 -.00000157  00000-0  00000-0 0  9997
2 39216   0.0324 107.6923 0001444 267.0106 225.7246  1.00272248 27884
GPS BIIF-5              
1 39533U 14008A   21077.14603632  .00000030  00000-0  00000-0 0  9991
2 39533  53.6972 227.5285 0050422 200.2076 159.5556  2.00556265 51258
LUCH 5V                 
1 39727U 14023A   21078.17131509 -.00000269  00000-0  00000+0 0  9990
2 39727   0.5457  44.8212 0004119  13.1155 275.3949  1.00271606543298
GPS BIIF-6              
1 39741U 14026A   21076.92448897 -.00000058  00000-0  00000-0 0  9998
2 39741  56.3309  46.0577 0025288 298.1561  61.5771  2.00557923 50081
GPS BIIF-7              
1 40105U 14045A   21077.00912557  .00000003  00000-0  00000-0 0  9993
2 40105  54.6140 165.0262 0016369 106.9410 253.2840  2.00577993 47636
GSAT0201 (GALILEO 5)    
1 40128U 14050A   21075.05840260 -.00000112  00000-0  00000-0 0  9990
2 40128  50.5074 350.5452 1650983 108.2066 270.3869  1.85519230 42710
GSAT0202 (GALILEO 6)    
1 40129U 14050B   21076.39912072 -.00000109  00000-0  00000-0 0  9996
2 40129  50.5393 349.5381 1648381 109.0598 269.4492  1.85519929 44901
GPS BIIF-8              
1 40294U 14068A   21076.88824349  .00000000  00000-0  00000-0 0  9990
2 40294  55.4970 106.0157 0031512  44.6753 315.6392  2.00568355 46757
GLONASS-K 2             
1 40315U 14075A   21077.65178241  .00000054  00000-0  00000-0 0  9990
2 40315  63.7985 257.1595 0015592 206.5080   4.8358  2.13101262 49010
GPS BIIF-9              
1 40534U 15013A   21077.02645025 -.00000003  00000-0  00000+0 0  9990
2 40534  54.0196 283.5814 0057217  14.5555 345.6282  2.00551879 43803
GSAT0203 (GALILEO 7)    
1 40544U 15017A   21076.08199246 -.00000075  00000-0  00000-0 0  9999
2 40544  56.5863  33.9014 0004534 279.4109  80.5148  1.70474791 36500
GSAT0204 (GALILEO 8)    
1 40545U 15017B   21077.03599856 -.00000071  00000-0  00000+0 0  9992
2 40545  56.5933  33.8922 0002039 269.4716  90.4847  1.70475141 37188
GPS BIIF-10             
1 40730U 15033A   21077.18836265 -.00000089  00000-0  00000-0 0  9990
2 40730  55.4598 345.0058 0062896 357.9846   2.0262  2.00576125 41544
METEOSAT-11 (MSG-4)     
1 40732U 15034A   21077.90358431 -.00000007  00000-0  00000-0 0  9997
2 40732   0.2012 245.7621 0000178  42.2803 213.4804  1.00272138 20823
GSAT0205 (GALILEO 9)    
1 40889U 15045A   21077.86427437  .00000023  00000-0  00000+0 0  9996
2 40889  55.9427 274.5364 0005807  25.2356 334.7951  1.70475236 34348
GSAT0206 (GALILEO 10)   
1 40890U 15045B   21076.91061311  .00000018  00000-0  00000-0 0  9993
2 40890  55.9422 274.5593 0003883  23.9646 336.0549  1.70475202 34350
GPS BIIF-11             
1 41019U 15062A   21076.73401207  .00000000  00000-0  00000-0 0  9999
2 41019  55.4908 105.8550 0066668 214.1802 145.4488  2.00563954 39372
ELEKTRO-L 2             
1 41105U 15074A   21077.90079275 -.00000116  00000-0  00000-0 0  9993
2 41105   1.8607  93.6177 0000295 120.2064 272.5975  1.00273708 19307
GSAT0209 (GALILEO 12)   
1 41174U 15079A   21078.25769617  .00000008  00000-0  00000+0 0  9997
2 41174  55.0399 153.9180 0004429 305.2790  54.7430  1.70473871 32693
GSAT0208 (GALILEO 11)   
1 41175U 15079B   21076.71764326  .00000006  00000-0  00000+0 0  9997
2 41175  55.0377 153.9597 0003592 304.4529  55.5786  1.70473950 32672
GPS BIIF-12             
1 41328U 16007A   21074.83083078  .00000008  00000-0  00000-0 0  9991
2 41328  54.8433 165.6699 0048744 223.7878 135.8645  2.00566332 37372
GSAT0211 (GALILEO 14)   
1 41549U 16030A   21078.01201761  .00000025  00000-0  00000+0 0  9995
2 41549  56.0850 274.4137 0003807 354.1692   5.8288  1.70474983 29987
GSAT0210 (GALILEO 13)   
1 41550U 16030B   21074.78537649  .00000009  00000-0  00000-0 0  9997
2 41550  56.0872 274.5040 0002151 333.5327  26.4609  1.70475086 29941
INSAT-3DR               
1 41752U 16054A   21077.74979705 -.00000078  00000-0  00000-0 0  9996
2 41752   0.0576 101.2426 0011677 177.2843 241.8569  1.00271923 16590
GSAT0207 (GALILEO 15)   
1 41859U 16069A   21077.37722247  .00000006  00000-0  00000+0 0  9995
2 41859  54.7006 154.2367 0004460 291.0440  68.9726  1.70473835 26951
GSAT0212 (GALILEO 16)   
1 41860U 16069B   21077.81723978  .00000007  00000-0  00000-0 0  9990
2 41860  54.6962 154.2228 0003191 313.5282  46.5090  1.70473788 26989
GSAT0213 (GALILEO 17)   
1 41861U 16069C   21076.42318555  .00000005  00000-0  00000+0 0  9995
2 41861  54.6981 154.2660 0003971 268.3466  91.6728  1.70473839 26962
GSAT0214 (GALILEO 18)   
1 41862U 16069D   21078.32996976  .00000007  00000-0  00000+0 0  9998
2 41862  54.6968 154.2080 0003174 272.7021  87.3243  1.70473940 26984
GOES 16                 
1 41866U 16071A   21078.50988229 -.00000249  00000-0  00000+0 0  9996
2 41866   0.0601 297.4767 0001466  70.4891 277.6405  1.00273479 15901
GSAT-17                 
1 42815U 17040B   21077.71368899 -.00000260  00000-0  00000-0 0  9999
2 42815   0.0096 173.6206 0003788 115.4394 237.8271  1.00273915 13579
GSAT0215 (GALILEO 19)   
1 43055U 17079A   21076.47425912  .00000016  00000-0  00000-0 0  9998
2 43055  56.0616 274.2955 0001531 344.1456  15.8506  1.70474240 20291
GSAT0216 (GALILEO 20)   
1 43056U 17079B   21077.93999340  .00000024  00000-0  00000+0 0  9990
2 43056  56.0610 274.2546 0002798 307.2964  52.6801  1.70474353 20306
GSAT0217 (GALILEO 21)   
1 43057U 17079C   21076.98693555  .00000019  00000-0  00000+0 0  9998
2 43057  56.0612 274.2813 0003059 327.9623  32.0200  1.70474266 20306
GSAT0218 (GALILEO 22)   
1 43058U 17079D   21076.03376407  .00000014  00000-0  00000+0 0  9994
2 43058  56.0604 274.3049 0003041 297.8244  62.1460  1.70474313 20287
GOES 17                 
1 43226U 18022A   21077.63190447  .00000096  00000-0  00000-0 0  9996
2 43226   0.0603 296.6412 0000414  77.0785 252.9465  1.00273383 11193
GSAT0221 (GALILEO 25)   
1 43564U 18060A   21077.10530609 -.00000070  00000-0  00000-0 0  9996
2 43564  56.9720  33.5718 0005550 290.7990  69.1213  1.70475804 16488
GSAT0222 (GALILEO 26)   
1 43565U 18060B   21077.32514953 -.00000070  00000-0  00000-0 0  9995
2 43565  56.9743  33.5655 0005427 297.9057  62.0197  1.70475780 16532
GSAT0219 (GALILEO 23)   
1 43566U 18060C   21076.95914348 -.00000071  00000-0  00000-0 0  9997
2 43566  56.9752  33.5773 0005152 299.4225  60.5054  1.70475735 16505
GSAT0220 (GALILEO 24)   
1 43567U 18060D   21078.35209846 -.00000066  00000-0  00000+0 0  9997
2 43567  56.9744  33.5401 0005152 295.8007  64.1291  1.70475849 16502
BEIDOU-3 M13            
1 43622U 18072A   21078.16661135  .00000002  00000-0  00000+0 0  9993
2 43622  55.2434 126.6672 0007442 282.3781  86.3586  1.86231527 16974
BEIDOU-3 M14            
1 43623U 18072B   21078.12396125  .00000002  00000-0  00000+0 0  9994
2 43623  55.2438 126.6605 0005723 302.8232 127.5520  1.86231506 16977
GPS BIII-1              
1 43873U 18109A   21077.85477774  .00000000  00000-0  00000-0 0  9990
2 43873  55.0249 167.8732 0011869 199.4087  80.3307  2.00552352 16663
METEOR-M2 2             
1 44387U 19038A   21077.95155873 -.00000044  00000-0  25387-7 0  9998
2 44387  98.6595  39.0981 0001869 119.5999 240.5368 14.23686173 88596
GPS BIII-2              
1 44506U 19056A   21078.13919814 -.00000051  00000-0  00000+0 0  9990
2 44506  55.4265  47.2154 0012100 183.1094 197.8385  2.00563580 11632
BEIDOU-3 M23            
1 44542U 19061A   21077.35096527  .00000038  00000-0  10000-3 0  9995
2 44542  54.7458 247.6265 0008072 344.8787  31.7259  1.86231236 10093
BEIDOU-3 M24            
1 44543U 19061B   21077.48558344  .00000039  00000-0  10000-3 0  9991
2 44543  54.7444 247.5924 0004987 342.5381  35.0513  1.86231829 10106
BEIDOU-3 M21            
1 44793U 19078A   21078.43329255 -.00000099  00000-0  10000-3 0  9996
2 44793  55.0595   6.2695 0007469 356.8835 130.6602  1.86232329  8978
BEIDOU-3 M22            
1 44794U 19078B   21076.97112325 -.00000101  00000-0  11758+2 0  9995
2 44794  55.0370   6.3227 0005596 348.9986 149.0366  1.86232831  8946
GPS BIII-3              
1 45854U 20041A   21077.19366987 -.00000001  00000-0  00000-0 0  9991
2 45854  55.2029 104.5125 0009394 153.0396 207.0669  2.00566688  5580
GPS BIII-4              
1 46826U 20078A   21075.23516276 -.00000021  00000-0  00000+0 0  9993
2 46826  54.8787 288.6581 0002736 152.9145 207.1295  2.00555396  3026
