SA
HST                     
1 20580U 90037B   21078.35481446  .00000630  00000-0  27182-4 0  9990
2 20580  28.4700 301.2153 0002729 169.7921 353.2485 15.09586485497638
POLAR                   
1 23802U 96013A   21077.86798274  .00000225  00000-0  00000+0 0  9990
2 23802  78.7095 246.4593 6078804 274.2170  22.7825  1.29846384119958
SWAS                    
1 25560U 98071A   21078.17521697  .00000179  00000-0  25275-4 0  9991
2 25560  69.8990  52.3682 0011133 281.2490  78.7414 14.94022763210273
CXO                     
1 25867U 99040B   21080.84063020  .00000858  00000-0  00000+0 0  9994
2 25867  57.1161 258.5716 8184780 226.3028   0.2455  0.37804843 21246
XMM-NEWTON              
1 25989U 99066A   21076.77832386  .00000073  00000-0  00000+0 0  9992
2 25989  70.9246 314.1479 6720449  91.1544 359.8566  0.50134384 27759
TERRA                   
1 25994U 99068A   21078.47664677  .00000063  00000-0  23916-4 0  9990
2 25994  98.1827 154.5217 0001239  94.9209 322.3671 14.57126058130365
CLUSTER II-FM7 (SAMBA)  
1 26410U 00041A   21079.27635727 -.00000076  00000-0  00000-0 0  9990
2 26410 132.5461 343.7893 4768211 190.1075   0.4026  0.44220730 11800
CLUSTER II-FM6 (SALSA)  
1 26411U 00041B   21079.34468436 -.00000201  00000-0  00000-0 0  9990
2 26411 133.0878 345.4622 6217339 195.1190   0.4354  0.44220660 11843
CLUSTER II-FM5 (RUMBA)  
1 26463U 00045A   21079.34190480 -.00000117  00000-0  00000-0 0  9998
2 26463 136.7282 345.3764 5787263 195.2556   0.4361  0.44220593 11730
CLUSTER II-FM8 (TANGO)  
1 26464U 00045B   21079.27583979 -.00000076  00000-0  00000-0 0  9994
2 26464 132.5433 343.7823 4768438 190.1050   0.3876  0.44220412 11815
ODIN                    
1 26702U 01007A   21078.32783328  .00000834  00000-0  57651-4 0  9992
2 26702  97.5432  96.5100 0012214  53.1230 307.1116 15.08361462 98253
TIMED                   
1 26998U 01055B   21078.06757173  .00000101  00000-0  14946-4 0  9999
2 26998  74.0708 106.4896 0000820 241.2283 118.8816 14.88280689 45396
RHESSI                  
1 27370U 02004A   21078.06828510  .00002974  00000-0  91430-4 0  9996
2 27370  38.0325 295.8469 0010276  55.3129 304.8609 15.34366549 56519
INTEGRAL                
1 27540U 02048A   21077.48030555  .00000176  00000-0  00000+0 0  9992
2 27540  61.6048  91.5463 9002164 298.2361   1.4885  0.37566193 19428
CORIOLIS                
1 27640U 03001A   21077.63532674  .00000001  00000-0  21229-4 0  9997
2 27640  98.7253  88.8381 0013622 332.6324 138.1111 14.19064208942329
SORCE                   
1 27651U 03004A   21078.13131483  .00000185  00000-0  33228-4 0  9996
2 27651  39.9946 238.0951 0021598 154.5859 205.5996 14.89257731985187
MOST                    
1 27843U 03031D   21078.02471594 -.00000012  00000-0  14785-4 0  9994
2 27843  98.7115  87.3044 0010460  27.7160 332.4572 14.20631003918584
SCISAT 1                
1 27858U 03036A   21077.86190319  .00000093  00000-0  18103-4 0  9995
2 27858  73.9357   3.3899 0007390 156.7423 203.4087 14.77335765948154
SWIFT                   
1 28485U 04047A   21077.86549876  .00001063  00000-0  41944-4 0  9998
2 28485  20.5562 263.5050 0010945 289.2043  70.7207 15.04904914894839
FORMOSAT-3 FM6          
1 29047U 06011A   21077.79174470  .00000022  00000-0  25053-4 0  9999
2 29047  71.9765 270.0282 0051533 307.4095  52.2356 14.28801389780490
FORMOSAT-3 FM1          
1 29048U 06011B   21077.67674747  .00000085  00000-0  49967-4 0  9998
2 29048  71.9672 180.8508 0045674 267.4871  92.1036 14.28758990782953
FORMOSAT-3 FM5          
1 29049U 06011C   21078.15312768  .00000119  00000-0  63225-4 0  9996
2 29049  72.0230 353.0907 0036677 289.5489  70.1689 14.28839710778816
FORMOSAT-3 FM3          
1 29050U 06011D   21078.08823060  .00000146  00000-0  40965-4 0  9998
2 29050  72.0144 111.2270 0050213 188.2167 171.8169 14.59032368796482
FORMOSAT-3 FM4          
1 29051U 06011E   21077.79653205  .00000065  00000-0  41111-4 0  9992
2 29051  72.0032 255.3375 0068242 171.8310 188.3956 14.28873773781349
FORMOSAT-3 FM2          
1 29052U 06011F   21078.40614790  .00000109  00000-0  58838-4 0  9991
2 29052  72.0360 329.1258 0041934 249.6837 109.9791 14.28980774779793
CLOUDSAT                
1 29107U 06016A   21078.15980845  .00000121  00000-0  33477-4 0  9992
2 29107  98.2685  30.9965 0000791  96.0498 264.0793 14.62346027792648
CALIPSO                 
1 29108U 06016B   21078.41159687  .00000167  00000-0  42418-4 0  9999
2 29108  98.2663  31.0211 0001404  79.0369 281.0990 14.62517283792520
HINODE (SOLAR-B)        
1 29479U 06041A   21077.63012860  .00000060  00000-0  20169-4 0  9993
2 29479  98.1535  93.1867 0016204 222.3861 137.6091 14.65132202774039
SJ-6C                   
1 29505U 06046A   21078.41822738  .00001034  00000-0  99665-4 0  9997
2 29505  97.8065  97.0393 0004341 177.2336 182.8899 14.95085893784691
SJ-6D                   
1 29506U 06046B   21078.49065276 -.00000068  00000-0 -10478-5 0  9996
2 29506  97.8266  97.3155 0000865 337.8552  22.2615 14.93586726784226
AGILE                   
1 31135U 07013A   21077.02373021  .00003237  00000-0  62454-4 0  9999
2 31135   2.4667 213.7575 0011229 135.0801 225.0162 15.33240565406702
AIM                     
1 31304U 07015A   21077.74544125  .00001251  00000-0  72441-4 0  9994
2 31304  97.8776 336.3302 0006137 128.4893 231.6889 15.14197393762183
FGRST (GLAST)           
1 33053U 08029A   21077.90059953  .00000606  00000-0  17804-4 0  9996
2 33053  25.5837  31.2289 0011994 305.1693  54.7719 15.11480092704782
WISE                    
1 36119U 09071A   21078.09461179  .00001195  00000-0  42804-4 0  9990
2 36119  97.2960 116.2279 0004081 112.6775 247.4898 15.30679896625824
SDO                     
1 36395U 10005A   21075.62927304 -.00000059  00000-0  00000-0 0  9995
2 36395  30.7954 116.7362 0001035 272.3615 269.8567  1.00276006 40826
CRYOSAT 2               
1 36508U 10013A   21078.17636604  .00000108  00000-0  26065-4 0  9990
2 36508  92.0207 174.1211 0006225  19.7924 340.3523 14.51909196580118
X-SAT                   
1 37389U 11015C   21077.96786476 -.00000042  00000-0 -64282-7 0  9995
2 37389  98.3956 127.8526 0013468 202.6216 157.4356 14.24386585515361
GCOM-W1 (SHIZUKU)       
1 38337U 12025A   21077.87931869  .00000080  00000-0  27799-4 0  9998
2 38337  98.2088  19.8930 0001466 118.3061 308.0648 14.57156727469977
NUSTAR                  
1 38358U 12031A   21078.11804662  .00001118  00000-0  42828-4 0  9999
2 38358   6.0270  73.6260 0012205 250.9590 108.9216 14.88474923476989
NEOSSAT                 
1 39089U 13009D   21078.43505339  .00000051  00000-0  33117-4 0  9997
2 39089  98.4490 280.4929 0011135 185.1048 175.0025 14.34551838421983
IRIS                    
1 39197U 13033A   21077.58259219  .00000136  00000-0  25509-4 0  9992
2 39197  97.9638 262.7718 0028837  64.8567 295.5631 14.78828996416598
HISAKI (SPRINT-A)       
1 39253U 13049A   21077.76537465  .00000126  00000-0  83308-4 0  9994
2 39253  29.7193 240.3698 0137510 324.4520  34.6956 13.55242709371242
CASSIOPE                
1 39265U 13055A   21078.15719296  .00002587  00000-0  72363-4 0  9994
2 39265  80.9700  26.8299 0651255 218.6879 136.5927 14.31530752387059
STSAT-3                 
1 39422U 13066G   21078.06563170 -.00000296  00000-0 -25211-4 0  9996
2 39422  97.4868 102.7242 0022910   3.4175 356.7224 14.89926772398022
SWARM B                 
1 39451U 13067A   21077.86334489  .00000520  00000-0  21275-4 0  9999
2 39451  87.7606 197.7063 0001640 109.3516 250.7907 15.21952969391694
SWARM A                 
1 39452U 13067B   21077.90699929  .00001927  00000-0  39467-4 0  9992
2 39452  87.3641  30.7420 0003484  77.9997 282.1651 15.45341412411558
SWARM C                 
1 39453U 13067C   21077.90693415  .00001921  00000-0  39348-4 0  9999
2 39453  87.3492  31.1410 0003482  77.9441 282.2207 15.45341732411518
BRITE-CA1 (TORONTO)     
1 40020U 14033L   21078.41759495  .00000120  00000-0  29029-4 0  9998
2 40020  97.7364 256.9619 0085884 275.2706  83.8704 14.66717794361062
OCO 2                   
1 40059U 14035A   21077.93192560  .00000063  00000-0  23968-4 0  9994
2 40059  98.2074  20.6964 0001611  90.8423 269.2960 14.57111347356992
BRITE-PL2 (HEWELIUSZ)   
1 40119U 14049B   21077.84594157  .00000181  00000-0  27845-4 0  9993
2 40119  97.8856 173.3014 0016029 294.0875  65.8662 14.84615151356409
RESURS P2               
1 40360U 14087A   21078.43343844  .00001119  00000-0  36253-4 0  9999
2 40360  97.2291 167.7876 0007704 284.3175 140.7704 15.34068453348462
MMS 1                   
1 40482U 15011A   21076.33333333 -.00001319  00000-0  00000-0 0  9991
2 40482  32.7475 117.9484 8437111  30.0805  66.5041  0.28551400 12003
MMS 2                   
1 40483U 15011B   21076.12374156 -.00001316  00000-0  00000+0 0  9993
2 40483  32.7424 117.9402 8436866  30.0854  44.9814  0.28549567 11972
MMS 3                   
1 40484U 15011C   21075.73331763 -.00001310  00000-0  00000-0 0  9992
2 40484  32.7325 117.9393 8437980  30.0839   4.8583  0.28544685 11742
MMS 4                   
1 40485U 15011D   21075.66867301 -.00001309  00000-0  00000-0 0  9995
2 40485  32.7375 117.9610 8436738  30.0747 358.2107  0.28553470 11940
ASTROSAT                
1 40930U 15052A   21078.31708155  .00000797  00000-0  22815-4 0  9992
2 40930   5.9961 183.0590 0008668 200.8631 159.1142 14.76380827295838
DAMPE                   
1 41173U 15078A   21078.44235528  .00000198  00000-0  11052-4 0  9999
2 41173  97.3457  72.4131 0014250   9.9484 154.0629 15.23975695292278
PISAT                   
1 41784U 16059B   21078.13145882  .00000118  00000-0  31542-4 0  9994
2 41784  97.9795 132.5865 0032385 165.1933 195.0225 14.63598032239088
HXMT (HUIYAN)           
1 42758U 17034A   21078.44926723  .00000558  00000-0  48173-4 0  9991
2 42758  43.0192 327.1285 0010674 311.6021 217.5721 15.09105176207411
FLYING LAPTOP           
1 42831U 17042G   21077.84509859 -.00000255  00000-0 -20369-4 0  9995
2 42831  97.4840 312.3230 0015638  89.3315 270.9699 14.91253079200182
PICSAT                  
1 43132U 18004X   21077.87677162  .00001740  00000-0  71590-4 0  9995
2 43132  97.4155 153.2298 0009862 158.4851 201.6804 15.25462665176875
ZHANGZHENG-1 (CSES)     
1 43194U 18015C   21078.45398287  .00001923  00000-0  89760-4 0  9999
2 43194  97.4633 206.5460 0012068 226.0409 221.7573 15.21007257173466
ICON                    
1 44628U 19068A   21078.17839504  .00000642  00000-0  42345-4 0  9997
2 44628  26.9907  41.0284 0019213  76.1355 284.1339 14.91882237 78483
SALSAT                  
1 46495U 20068K   21077.87766787  .00000459  00000-0  38228-4 0  9992
2 46495  97.6876  15.9547 0018080  25.3497 334.8610 15.03383764 25722
