LEMUR-1                 
1 40044U 14033AL  21077.52681556  .00000193  00000-0  35702-4 0  9992
2 40044  97.6820 285.4111 0058570 193.3598 166.6063 14.74330048362699
LEMUR-2-JOEL            
1 40932U 15052C   21078.30854971  .00001017  00000-0  49551-4 0  9993
2 40932   6.0072 151.7415 0014094 258.2843 101.5703 14.78126242296167
LEMUR-2-CHRIS           
1 40933U 15052D   21078.30626387  .00000980  00000-0  44224-4 0  9992
2 40933   6.0052 148.2685 0014812 266.7032  93.1401 14.78264482296191
LEMUR-2-PETER           
1 40935U 15052F   21078.08902739  .00000984  00000-0  46773-4 0  9992
2 40935   6.0031 169.8326 0010811 218.5118 141.4237 14.77422910295965
LEMUR-2-XIAOQING        
1 41871U 16062C   21077.84414026  .00003421  00000-0  13504-3 0  9998
2 41871  51.6417  25.5609 0005997 110.7259 249.4364 15.28268763240151
LEMUR-2-SOKOLSKY        
1 41872U 16062D   21078.10566324  .00001553  00000-0  68558-4 0  9992
2 41872  51.6841  31.5612 0001858 207.2807 152.8076 15.28096457240164
LEMUR-2-ANUBHAVTHAKUR   
1 41873U 16062E   21077.57123372 -.00000002  00000-0  13792-4 0  9994
2 41873  51.6834  54.4317 0010426  95.3947 264.8221 15.24290349239756
LEMUR-2-WINGO           
1 41874U 16062F   21078.10978897  .00002288  00000-0  96291-4 0  9997
2 41874  51.6546  31.1692 0011939  35.8042 324.3736 15.27644673240100
LEMUR-2-JOBANPUTRA      
1 41991U 17008AV  21077.86772569  .00001723  00000-0  69739-4 0  9998
2 41991  97.3205 144.1792 0008628  62.3834 297.8280 15.26008176226620
LEMUR-2-SPIRE-MINIONS   
1 41992U 17008AW  21078.15937473  .00002764  00000-0  10497-3 0  9991
2 41992  97.3249 146.6838 0008100  57.4571 302.7450 15.27627738226790
LEMUR-2-SATCHMO         
1 41993U 17008AX  21077.76223523  .00001756  00000-0  70532-4 0  9999
2 41993  97.3206 144.4830 0008581  62.0675 298.1431 15.26241915226630
LEMUR-2-SMITA-SHARAD    
1 41994U 17008AY  21078.13670226  .00002423  00000-0  92485-4 0  9991
2 41994  97.3243 146.4957 0008135  55.9945 304.2066 15.27588129226781
LEMUR-2-RDEATON         
1 41995U 17008AZ  21077.78362292  .00001839  00000-0  73778-4 0  9997
2 41995  97.3220 144.6586 0009835  72.3285 287.9027 15.26206622227322
LEMUR-2-TACHIKOMA       
1 41996U 17008BA  21077.86757765  .00002461  00000-0  94438-4 0  9998
2 41996  97.3282 146.4261 0009337  70.2097 290.0148 15.27375918226634
LEMUR-2-NOGUECORREIG    
1 41997U 17008BB  21078.14738103  .00002385  00000-0  90751-4 0  9995
2 41997  97.3261 147.0097 0009349  67.6590 292.5639 15.27700248226794
LEMUR-2-MIA-GRACE       
1 41998U 17008BC  21078.39881133  .00001997  00000-0  80141-4 0  9995
2 41998  97.3215 145.0151 0009731  71.2755 288.9539 15.26094789226649
LEMUR-2-ANGELA          
1 42752U 17019B   21078.31039167  .00003123  00000-0  10781-3 0  9995
2 42752  51.6389 288.2163 0008879 212.9137 147.1293 15.33056334211230
LEMUR-2-JENNYBARNA      
1 42753U 17019C   21078.10694870  .00004235  00000-0  13194-3 0  9997
2 42753  51.6369 278.8228 0008014 219.3457 140.6944 15.35448633211299
LEMUR-2-ROBMOORE        
1 42754U 17019D   21078.13595750  .00002702  00000-0  95140-4 0  9997
2 42754  51.6384 290.0142 0008803 214.0570 145.9847 15.32945300211179
LEMUR-2-SPIROVISION     
1 42755U 17019E   21078.38206711  .00004512  00000-0  14019-3 0  9997
2 42755  51.6387 277.4223 0008102 220.7807 201.3186 15.35365631211259
LEMUR-2-SHAINAJOHL      
1 42771U 17036G   21078.21966009  .00002227  00000-0  94249-4 0  9994
2 42771  97.2645 129.4493 0015378 125.8146 234.4523 15.24099259207568
LEMUR-2-XUENITERENCE    
1 42772U 17036H   21077.77110813  .00002233  00000-0  93995-4 0  9993
2 42772  97.2623 129.0425 0014879 125.7843 234.4780 15.24297108207517
LEMUR-2-LUCYBRYCE       
1 42773U 17036J   21077.72371268  .00001297  00000-0  56752-4 0  9991
2 42773  97.2697 129.6741 0015031 125.7825 234.4812 15.23704996207510
LEMUR-2-KUNGFOO         
1 42774U 17036K   21077.89223754  .00001994  00000-0  84265-4 0  9990
2 42774  97.2645 129.4319 0014806 125.3480 234.9144 15.24273964207526
LEMUR-2-LYNSEY-SYMO     
1 42779U 17036Q   21078.41627397  .00002406  00000-0  96475-4 0  9990
2 42779  97.2692 132.6891 0012789 125.5578 234.6855 15.25884408207755
LEMUR-2-LISASAURUS      
1 42780U 17036R   21078.35412310  .00001354  00000-0  58271-4 0  9995
2 42780  97.2685 131.1106 0013027 129.0921 231.1477 15.24228782207667
LEMUR-2-SAM-AMELIA      
1 42781U 17036S   21077.67208626  .00001419  00000-0  60406-4 0  9998
2 42781  97.2702 131.1424 0013042 130.4577 229.7800 15.24506571207580
LEMUR-2-MCPEAKE         
1 42782U 17036T   21077.77201129  .00002343  00000-0  95806-4 0  9990
2 42782  97.2662 131.3135 0012571 128.8842 231.3519 15.25251165207616
LEMUR-2-GREENBERG       
1 42837U 17042N   21078.12874480  .00000605  00000-0  64207-4 0  9994
2 42837  97.4898 314.5138 0014619  82.7663 277.5219 14.92399038200349
LEMUR-2-ANDIS           
1 42838U 17042P   21077.58880976  .00000637  00000-0  67297-4 0  9998
2 42838  97.4894 313.9912 0014708  84.1253 276.1643 14.92398399200265
LEMUR-2-MONSON          
1 42839U 17042Q   21077.88505210  .00000419  00000-0  46246-4 0  9996
2 42839  97.4899 314.1199 0014376  83.2452 277.0403 14.92212217200294
LEMUR-2-FURIAUS         
1 42840U 17042R   21077.90690917  .00000098  00000-0  14743-4 0  9990
2 42840  97.4915 314.3989 0014655  83.2000 277.0887 14.92280246200308
LEMUR-2-PETERG          
1 42841U 17042S   21077.90120690  .00000221  00000-0  26569-4 0  9994
2 42841  97.4934 314.9939 0014134  80.0341 280.2474 14.92669623200348
LEMUR-2-DEMBITZ         
1 42842U 17042T   21077.89480886  .00000317  00000-0  35869-4 0  9998
2 42842  97.4922 314.9207 0014244  80.8590 279.4241 14.92651604200342
LEMUR-2-ZACHARY         
1 42845U 17042W   21077.61454430  .00000657  00000-0  68296-4 0  9994
2 42845  97.4841 314.1294 0014462  83.9737 276.3131 14.92953489200320
LEMUR-2-ARTFISCHER      
1 42881U 17042BJ  21077.59646112  .00006577  00000-0  14556-3 0  9997
2 42881  96.8572 295.1917 0011731  50.7658 309.4631 15.44036062206308
LEMUR-2-ROCKETJONAH     
1 43041U 17071E   21078.41457700  .00017772  00000-0  27269-3 0  9997
2 43041  51.6326 129.4788 0000498   0.8475 359.2516 15.54370443187510
LEMUR-2-YONGLIN         
1 43045U 17071J   21077.69656294  .00018522  00000-0  26813-3 0  9997
2 43045  51.6347 127.0844 0002973 349.1487  10.9439 15.55932817185216
LEMUR-2-KEVIN           
1 43046U 17071K   21078.17362152  .00011513  00000-0  19220-3 0  9996
2 43046  51.6349 135.4842 0003210 349.3409  10.7512 15.52431616185141
LEMUR-2-BRIANDAVIE      
1 43047U 17071L   21077.69728175  .00013694  00000-0  21785-3 0  9995
2 43047  51.6332 136.6422 0002806  24.5968 335.5156 15.53598499185071
LEMUR-2-ROMACOSTE       
1 43048U 17071M   21077.68403355  .00013604  00000-0  21145-3 0  9996
2 43048  51.6336 132.9305 0002862  25.3852 334.7278 15.54248749185121
LEMUR-2-MCCULLAGH       
1 43051U 17071Q   21078.14383957  .00013241  00000-0  20615-3 0  9995
2 43051  51.6379 130.8698 0000618 111.0475 249.0582 15.54230636185149
LEMUR-2-DUNLOP          
1 43053U 17071S   21078.17963640  .00012101  00000-0  20146-3 0  9996
2 43053  51.6329 137.5523 0000789  93.9995 266.1085 15.52453255185062
LEMUR-2-LIU-POU-CHUN    
1 43054U 17071T   21077.78283151  .00011860  00000-0  19266-3 0  9997
2 43054  51.6337 135.0349 0000652   7.6709 352.4291 15.53163769185062
LEMUR-2-MCCAFFERTY      
1 43123U 18004N   21078.18012676  .00002856  00000-0  11125-3 0  9999
2 43123  97.4183 154.8441 0009990 153.2750 206.9005 15.26756558176987
LEMUR-2-PETERWEBSTER    
1 43124U 18004P   21077.86021186  .00002501  00000-0  98108-4 0  9994
2 43124  97.4185 154.3814 0009953 153.3154 206.8598 15.26641354176935
LEMUR-2-BROWNCOW        
1 43125U 18004Q   21078.15325612  .00003464  00000-0  13183-3 0  9997
2 43125  97.4211 155.2801 0009763 152.3654 207.8106 15.27390202177015
LEMUR-2-DAVEWILSON      
1 43126U 18004R   21077.76948558  .00003510  00000-0  13423-3 0  9993
2 43126  97.4202 154.7130 0009926 153.9338 206.2403 15.27222273176948
LEMUR-2-MARSHALL        
1 43165U 18010C   21078.14906425  .00002218  00000-0  94236-4 0  9999
2 43165  82.9162 137.0993 0031226 142.8175 217.5234 15.22037805175137
LEMUR-2-TALLHAMN-ATC    
1 43167U 18010E   21078.13351692  .00001522  00000-0  69502-4 0  9995
2 43167  82.9199 141.0215 0024545 159.2063 201.0177 15.19508451174897
LEMUR-2-JIN-LUEN        
1 43182U 18014C   21077.79701417  .00000682  00000-0  64223-4 0  9992
2 43182  97.6736 345.3962 0014709  33.3288 326.8857 14.96986632170694
LEMUR-2-URAMCHANSOL     
1 43183U 18014D   21077.68959873  .00001402  00000-0  12639-3 0  9996
2 43183  97.6751 345.4008 0015018  35.7585 324.4640 14.97071401170687
LEMUR-2-KADI            
1 43184U 18014E   21077.68384638  .00001195  00000-0  10870-3 0  9992
2 43184  97.6747 345.4133 0014720  36.6099 323.6126 14.97011765170688
LEMUR-2-THENICKMOLO     
1 43185U 18014F   21077.80937466  .00000769  00000-0  71669-4 0  9990
2 43185  97.6736 345.6057 0014676  32.2542 327.9601 14.97053115170702
LEMUR-2-VU              
1 43558U 18046E   21078.36924519  .00003994  00000-0  13458-3 0  9990
2 43558  51.6404 217.0490 0007041 201.1311 158.9381 15.33066909149552
LEMUR-2-ALEXANDER       
1 43559U 18046F   21077.78228007  .00004191  00000-0  13973-3 0  9997
2 43559  51.6404 219.1500 0007034 198.8349 161.2374 15.33278970149252
LEMUR-2-YUASA           
1 43560U 18046G   21078.39938679  .00004436  00000-0  14848-3 0  9994
2 43560  51.6398 217.2459 0007163 214.0586 145.9936 15.33005365149557
LEMUR-2-TOMHENDERSON    
1 43561U 18046H   21077.74538226  .00004821  00000-0  16208-3 0  9997
2 43561  51.6398 221.1156 0007309 210.0226 150.0337 15.32655768149004
LEMUR-2-ZUPANSKI        
1 43695U 18088F   21077.70907395  .00001904  00000-0  80600-4 0  9991
2 43695  85.0283 256.1118 0017567  24.3063 335.9004 15.22309462130487
LEMUR-2-CHANUSIAK       
1 43697U 18088H   21078.45824661  .00002144  00000-0  88872-4 0  9996
2 43697  85.0348 255.6578 0015340   2.9160 357.2169 15.23146014130675
LEMUR-2-ORZULAK         
1 43731U 18096N   21078.19271519  .00004437  00000-0  15196-3 0  9998
2 43731  97.3962 158.1004 0018108 228.2362 131.7332 15.30595793128444
LEMUR-2-KOBYSZCZE       
1 43732U 18096P   21078.44106946  .00003819  00000-0  13057-3 0  9995
2 43732  97.3972 158.5835 0018220 227.4271 132.5433 15.30744096128495
LEMUR-2-DULY            
1 43745U 18096AC  21077.71617594  .00003419  00000-0  11700-3 0  9993
2 43745  97.3963 157.8165 0018086 229.2846 130.6825 15.30793819128395
LEMUR-2-VLADIMIR        
1 43746U 18096AD  21077.85887760  .00003379  00000-0  11501-3 0  9997
2 43746  97.3963 158.0717 0018109 229.0972 130.8701 15.30974122128445
LEMUR-2-CHRISTINAHOLT   
1 43882U 18111G   21077.73853457  .00000774  00000-0  71752-4 0  9990
2 43882  97.6943 347.6134 0012568  49.2899 310.9412 14.97264689121545
LEMUR-2-TINYKEV         
1 43883U 18111H   21078.17083002  .00001192  00000-0  10743-3 0  9998
2 43883  97.6955 348.1329 0013273  50.5999 309.6396 14.97384655119618
LEMUR-2-REMY-COLTON     
1 43884U 18111J   21078.40292614  .00000706  00000-0  65394-4 0  9999
2 43884  97.6958 348.5280 0012460  46.6008 313.6249 14.97547910119668
LEMUR-2-GUSTAVO         
1 43885U 18111K   21077.75221818  .00001112  00000-0  10066-3 0  9992
2 43885  97.6955 347.8270 0012481  49.4743 310.7564 14.97369065121559
LEMUR-2-ZO              
1 43886U 18111L   21077.97288414  .00000999  00000-0  90650-4 0  9992
2 43886  97.6972 348.2033 0012846  47.9249 312.3063 14.97467025119598
LEMUR-2-NATALIEMURRAY   
1 43887U 18111M   21078.17662434  .00000791  00000-0  72611-4 0  9991
2 43887  97.6976 348.5615 0012939  45.7300 314.4981 14.97590732121631
LEMUR-2-SARAHBETTYBOO   
1 43888U 18111N   21077.81508662  .00000935  00000-0  84842-4 0  9993
2 43888  97.6971 348.3485 0012296  45.6174 314.6052 14.97619680121583
LEMUR-2-DAISY-HARPER    
1 43889U 18111P   21078.17414936  .00001068  00000-0  95929-4 0  9990
2 43889  97.6988 348.8019 0012865  44.8958 315.3303 14.97724539121636
LEMUR-2-JOHANLORAN      
1 44084U 19018G   21077.94094973  .00003172  00000-0  13014-3 0  9996
2 44084  97.3739 140.9723 0010953 284.1102  75.8919 15.24920268109213
LEMUR-2-BEAUDACIOUS     
1 44085U 19018H   21077.88577078  .00002883  00000-0  12035-3 0  9992
2 44085  97.3734 140.7309 0011086 286.0226  73.9790 15.24406206109197
LEMUR-2-ELHAM           
1 44086U 19018J   21077.92329482  .00002845  00000-0  11641-3 0  9992
2 44086  97.3751 141.2071 0011067 284.9520  75.0492 15.25094220109228
LEMUR-2-VICTOR-ANDREW   
1 44087U 19018K   21077.83754608  .00003082  00000-0  12546-3 0  9994
2 44087  97.3751 141.1740 0010904 285.8944  74.1092 15.25205465109210
LEMUR-2-LILLYJO         
1 44396U 19038L   21078.32109629  .00002314  00000-0  13130-3 0  9998
2 44396  97.5700  42.8718 0022358 258.3436 101.5286 15.13773753 94140
LEMUR-2-WANLI           
1 44402U 19038S   21077.82059664  .00001876  00000-0  10756-3 0  9996
2 44402  97.5703  42.3596 0022559 260.8573  99.0106 15.13645484 94076
LEMUR-2-MORAG           
1 44403U 19038T   21078.45139131  .00002646  00000-0  14912-3 0  9999
2 44403  97.5744  43.3229 0021154 261.7631  98.1201 15.13909435 94177
LEMUR-2-DUSTINTHEWIND   
1 44405U 19038V   21077.85684762  .00001742  00000-0  10028-3 0  9999
2 44405  97.5695  42.3807 0022369 259.9068  99.9640 15.13593150 94086
LEMUR-2-ALEX-MADDY      
1 44407U 19038X   21077.83490487  .00001604  00000-0  93882-4 0  9995
2 44407  97.5752  42.4810 0021485 265.7134  94.1642 15.13131966 94053
LEMUR-2-EJATTA          
1 44409U 19038Z   21078.36991952  .00002163  00000-0  12212-3 0  9997
2 44409  97.5691  43.0457 0022183 256.7012 103.1745 15.14029806 94170
LEMUR-2-GREGROBINSON    
1 44411U 19038AB  21077.88655040  .00001854  00000-0  10594-3 0  9998
2 44411  97.5753  42.7642 0021338 265.0769  94.8026 15.13802703 93752
LEMUR-2-YNDRD           
1 44413U 19038AD  21078.42022591  .00001402  00000-0  82578-4 0  9991
2 44413  97.5743  43.0238 0021401 263.2798  96.5997 15.13109685 94151
LEMUR-2-JPGSQUARED      
1 44855U 19089D   21078.26228195  .00000665  00000-0  59518-4 0  9995
2 44855  36.9656 274.4417 0004384 131.7002 228.4115 14.99470756 69612
LEMUR-2-HIMOMANDDAD     
1 44860U 19089J   21078.51260772  .00001533  00000-0  12946-3 0  9994
2 44860  36.9654 273.6549 0004717 124.8589 235.2596 14.99314632 69648
LEMUR-2-PAPPY           
1 44861U 19089K   21077.89836390  .00001388  00000-0  11772-3 0  9994
2 44861  36.9653 277.0749 0004712 121.4965 238.6237 14.99351722 69497
LEMUR-2-THEODOSIA       
1 44863U 19089M   21077.88262707  .00000701  00000-0  62588-4 0  9990
2 44863  36.9649 276.9431 0004727 126.0227 234.0953 14.99367710 69408
LEMUR-2-ETHANOAKES      
1 46298U 20061AC  21077.90679909  .00001560  00000-0  96290-4 0  9996
2 46298  97.4955 153.3928 0001509  60.6567 299.4814 15.11339999 29622
LEMUR-2-OSCARLATOR      
1 46299U 20061AD  21077.97377246  .00001528  00000-0  94477-4 0  9992
2 46299  97.4957 153.4631 0001429  64.6523 295.4855 15.11318717 29664
LEMUR-2-SCHMIDTFALL     
1 46315U 20061AV  21077.85932179  .00001504  00000-0  92004-4 0  9998
2 46315  97.4961 153.4666 0000898 338.9795  21.1398 15.11723102 29690
LEMUR-2-DJUPROERA       
1 46316U 20061AW  21078.18583405  .00001686  00000-0  10255-3 0  9998
2 46316  97.4955 153.7868 0001029 330.0600  30.0571 15.11775881 29745
LEMUR-2-SQUAREJAWS      
1 46317U 20061AX  21077.72302078  .00001706  00000-0  10380-3 0  9995
2 46317  97.4959 153.3349 0000948 332.8874  27.2307 15.11752295 29684
LEMUR-2-URSA-AVION      
1 46318U 20061AY  21077.91792972  .00001558  00000-0  95030-4 0  9994
2 46318  97.4957 153.5340 0000974 319.2082  40.9075 15.11788554 29710
LEMUR-2-SLICERS         
1 46500U 20068Q   21077.77663772  .00001209  00000-0  95234-4 0  9992
2 46500  97.6804  15.5850 0014255  34.0612 326.1526 15.02610890 25642
LEMUR-2-DAYWZAGOODDAY   
1 46501U 20068R   21077.78508092  .00001379  00000-0  10798-3 0  9996
2 46501  97.6825  15.5797 0015072  34.8076 325.4132 15.02589931 25631
LEMUR-2-SUSURRUS        
1 46502U 20068S   21077.78844763  .00000468  00000-0  39683-4 0  9998
2 46502  97.6840  15.5708 0014645  39.0692 321.1588 15.02620495 25647
LEMUR-2-NICHOL          
1 46503U 20068T   21077.86950410  .00001298  00000-0  10226-3 0  9998
2 46503  97.6842  15.6114 0015586  47.6846 312.5669 15.02444733 25657
LEMUR-2-OZARAK          
1 46908U 20081D   21077.93917324  .00001285  00000-0  11013-3 0  9998
2 46908  36.9044  41.9575 0008185 321.5096  38.5075 14.99050764 19748
LEMUR-2-JINDRA          
1 46909U 20081E   21077.93290167  .00001450  00000-0  12322-3 0  9996
2 46909  36.9046  41.9098 0008262 322.5212  37.4979 14.99138852 19755
LEMUR-2-WALLACE         
1 46910U 20081F   21078.26292260  .00001301  00000-0  11116-3 0  9996
2 46910  36.9041  39.9137 0008252 323.4832  36.5346 14.99164872 19793
LEMUR-2-JEREMIAH        
1 46911U 20081G   21078.25856991  .00001259  00000-0  10763-3 0  9992
2 46911  36.9051  39.8822 0008166 326.0115  34.0101 14.99223154 19805
LEMUR-2-BAXTER-OLIVER   
1 46925U 98067RV  21077.95879209  .00013616  00000-0  20186-3 0  9999
2 46925  51.6433  65.3244 0002143 115.1386 244.9827 15.55552776 20768
LEMUR-2-DJARA           
1 46926U 98067RW  21077.45881440  .00013828  00000-0  20760-3 0  9998
2 46926  51.6428  67.9831 0002082  99.3865 260.7361 15.55192177 20708
LEMUR-2-NEVA            
1 47450U 21006AP  21077.84983876  .00001589  00000-0  94111-4 0  9992
2 47450  97.5039 140.6839 0013281  60.7850 299.4707 15.12790716  8350
LEMUR-2-SAOIRSEDH5GUO   
1 47453U 21006AS  21078.38990503  .00001565  00000-0  93541-4 0  9990
2 47453  97.5072 141.2164 0011943  60.8729 299.3696 15.12480592  8430
LEMUR-2-NALLYWACKER     
1 47457U 21006AW  21077.91916254  .00001799  00000-0  10628-3 0  9996
2 47457  97.5041 140.7506 0012906  60.8743 299.3778 15.12702660  8366
LEMUR-2-MANGO1          
1 47493U 21006CJ  21077.92462212  .00001422  00000-0  85205-4 0  9994
2 47493  97.4986 140.6944 0012326  62.8564 297.3922 15.12541916  8361
LEMUR-2-RUAIRI-EILIDH   
1 47511U 21006DC  21078.14314799  .00001243  00000-0  76130-4 0  9994
2 47511  97.4988 140.8638 0009903  65.4859 294.7403 15.11968494  8390
LEMUR-2-JENNIFERSONG    
1 47525U 21006DR  21077.71916458  .00001610  00000-0  95411-4 0  9992
2 47525  97.5003 140.5228 0013129  61.7548 298.5006 15.12741875  8333
LEMUR-2-CHANTAL         
1 47529U 21006DV  21078.08215782  .00001287  00000-0  79058-4 0  9998
2 47529  97.4997 140.8003 0009279  66.4592 293.7612 15.11817885  9340
LEMUR-2-NOOBNOOB        
1 47538U 21006DY  21077.92030972  .00001415  00000-0  84493-4 0  9998
2 47538  97.5057 140.7579 0012799  61.0781 299.1732 15.12662941  8363
