ISS (ZARYA)             
1 25544U 98067A   21078.48606660  .00000671  00000-0  20400-4 0  9998
2 25544  51.6447  66.3862 0003396 126.6849 319.5192 15.48916648274697
KESTREL EYE IIM (KE2M)  
1 42982U 98067NE  21078.07281115  .00029921  00000-0  12626-3 0  9991
2 42982  51.6309 307.6823 0002312 103.0793 257.0469 15.85165871194375
DELLINGR (RBLE)         
1 43021U 98067NJ  21077.99959625  .00066549  00000-0  22623-3 0  9999
2 43021  51.6286 303.4486 0000763 198.2669 161.8309 15.89210159190194
TEMPEST-D               
1 43547U 98067NV  21077.86081083  .00131818  00000-0  63119-3 0  9999
2 43547  51.6359 356.1145 0000296  58.2487 301.8544 15.81840044152569
RADSAT-G                
1 43553U 98067PB  21078.08186764  .00251264  38609-4  41311-3 0  9991
2 43553  51.6352 316.9868 0003241 208.2901 151.7935 16.02678935153532
AEROCUBE 12A            
1 43556U 18046C   21077.83149950  .00002679  00000-0  99544-4 0  9997
2 43556  51.6397 226.0435 0007832 194.2456 165.8305 15.31195871149394
AEROCUBE 12B            
1 43557U 18046D   21078.41564610  .00003208  00000-0  11857-3 0  9996
2 43557  51.6399 224.6668 0007961 195.9819 164.0911 15.30692688149417
LEMUR-2-VU              
1 43558U 18046E   21078.36924519  .00003994  00000-0  13458-3 0  9990
2 43558  51.6404 217.0490 0007041 201.1311 158.9381 15.33066909149552
LEMUR-2-ALEXANDER       
1 43559U 18046F   21077.78228007  .00004191  00000-0  13973-3 0  9997
2 43559  51.6404 219.1500 0007034 198.8349 161.2374 15.33278970149252
LEMUR-2-YUASA           
1 43560U 18046G   21078.39938679  .00004436  00000-0  14848-3 0  9994
2 43560  51.6398 217.2459 0007163 214.0586 145.9936 15.33005365149557
LEMUR-2-TOMHENDERSON    
1 43561U 18046H   21077.74538226  .00004821  00000-0  16208-3 0  9997
2 43561  51.6398 221.1156 0007309 210.0226 150.0337 15.32655768149004
1998-067PN              
1 43638U 98067PN  21078.12755790  .00030007  00000-0  19695-3 0  9991
2 43638  51.6337 352.6044 0001320  55.9190 304.1935 15.75465863139783
1998-067PP              
1 43639U 98067PP  21073.23514490  .07401480  12285-4  69672-3 0  9995
2 43639  51.6155 344.9209 0007122 243.2692 116.7605 16.37729371139455
STARS-ME                
1 43640U 98067PQ  21078.13544290  .00066944  00000-0  31877-3 0  9991
2 43640  51.6311 342.7521 0000765  59.5613 300.5465 15.82233467139925
ISS DEB (SEDA-AP)       
1 43870U 98067PU  21078.32520880  .00007594  00000-0  94655-4 0  9996
2 43870  51.6373  25.6239 0003735   8.2337 351.8717 15.61007474127532
CATSAT-2                
1 44029U 98067PV  21078.11031812  .00194306  25803-4  49817-3 0  9991
2 44029  51.6384 345.7740 0004181 185.3573 174.7391 15.94876286121781
DELPHINI                
1 44030U 98067PW  21073.20127863  .06612467  12175-4  91963-3 0  9996
2 44030  51.6130   1.9822 0006321 224.0789 135.9732 16.34207165121093
UNITE                   
1 44031U 98067PX  21077.72530157  .00031159  00000-0  24169-3 0  9993
2 44031  51.6385  11.8294 0002598  62.6193 297.5069 15.71527665121375
CATSAT-1                
1 44033U 98067PZ  21078.11045650  .00184552  24376-4  47339-3 0  9994
2 44033  51.6374 345.7831 0003051 174.7427 185.3613 15.94892401121693
ISS DEB                 
1 44303U 98067QA  21078.45249520  .00008492  00000-0  11811-3 0  9991
2 44303  51.6403  44.6464 0004029 274.1598  85.8933 15.57883168102577
ISS DEB                 
1 44304U 98067QB  21077.16528859  .08566056  12248-4  87534-3 0  9993
2 44304  51.6186   6.3735 0007037 233.6861 126.3515 16.37013081102976
ISS DEB                 
1 44306U 98067QD  21078.18548760  .00009269  00000-0  12639-3 0  9994
2 44306  51.6387  45.7701 0005093 269.3176  90.7233 15.58283773102549
RAAVANA-1               
1 44329U 98067QE  21078.15445345  .00031957  00000-0  27393-3 0  9993
2 44329  51.6369  28.2989 0002956 330.2961  29.7867 15.69102597 99943
UGUISU                  
1 44330U 98067QF  21078.25632686  .00035562  00000-0  30750-3 0  9999
2 44330  51.6349  28.1583 0002944 330.3359  29.7470 15.68835103 99935
NEPALISAT-1             
1 44331U 98067QG  21078.14666705  .00032165  00000-0  27607-3 0  9990
2 44331  51.6342  28.1760 0003035 333.6933  26.3910 15.69067137 99939
SPOOQY-1                
1 44332U 98067QH  21077.86978308  .00030896  00000-0  27105-3 0  9996
2 44332  51.6358  30.1052 0002589 341.6686  18.4217 15.68554707 99846
RED-EYE 1 (PINOT)       
1 44364U 98067QJ  21078.15326816  .00007229  00000-0  10206-3 0  9993
2 44364  51.6406  47.1345 0005383 269.8424  90.1952 15.57740677 98106
IOD-1 GEMS              
1 44385U 98067QK  21078.20647358  .00324539  52633-4  81201-3 0  9991
2 44385  51.6311  11.2824 0004618 176.0230 184.0816 15.95198571 97633
SWIATOWID               
1 44426U 98067QL  21073.23590850  .07171462  12074-4  12707-2 0  9990
2 44426  51.6198  29.3922 0007231 188.0333 310.3019 16.31812792 96965
KRAKSAT                 
1 44427U 98067QM  21078.31924538  .00019897  00000-0  21793-3 0  9993
2 44427  51.6419  37.4333 0001230 261.0507 251.2467 15.63265359 97355
VCC A                   
1 44428U 98067QN  21078.17357216  .00032147  00000-0  29157-3 0  9996
2 44428  51.6382  31.4977 0000551 305.5400  54.5545 15.67716639 97429
ENTRYSAT                
1 44429U 98067QP  21078.47190451  .00050585  00000-0  37522-3 0  9997
2 44429  51.6335  24.3697 0000351 143.5676 216.5346 15.72359720 97543
VCC C                   
1 44430U 98067QQ  21078.21728471  .00111670  00000-0  54827-3 0  9990
2 44430  51.6309  18.1184 0002083 131.7474 228.3707 15.81369969 96421
VCC B                   
1 44431U 98067QR  21077.89750870  .00028317  00000-0  25484-3 0  9994
2 44431  51.6353  32.5854 0000629 298.3810  61.7123 15.67978985 97322
ISS DEB                 
1 44788U 98067QT  21077.51548824  .00090558  00000-0  53178-3 0  9999
2 44788  51.6330  37.5147 0000975  48.5948 311.5137 15.77508491 76255
ISS DEB                 
1 44789U 98067QU  21078.45394103  .00085392  00000-0  58349-3 0  9998
2 44789  51.6345  35.5708 0001441 351.1765   8.9208 15.74068913 76356
RWASAT-1                
1 44790U 98067QV  21078.40793479  .00011158  00000-0  15478-3 0  9999
2 44790  51.6409  51.5153 0006369 330.2038 165.0851 15.57570709 75402
AQT-D                   
1 44791U 98067QW  21078.35841340  .00011848  00000-0  16346-3 0  9996
2 44791  51.6412  52.2925 0005282 297.3073  62.7381 15.57653068 75396
NARSSCUBE-1             
1 44792U 98067QX  21078.31811913  .00024839  00000-0  28713-3 0  9991
2 44792  51.6386  47.4445 0003524 331.1872  28.8926 15.61717854 75455
STPSAT-4                
1 45043U 98067QY  21077.43616551  .00006825  00000-0  11506-3 0  9991
2 45043  51.6408  67.0496 0004717 307.2338  52.8221 15.52921853 64358
HARP                    
1 45256U 98067QZ  21078.37182544  .00013099  00000-0  18867-3 0  9999
2 45256  51.6421  57.5987 0005717 303.0257  57.0185 15.56371038 61231
1998-067RA              
1 45257U 98067RA  21077.58968603  .00010156  00000-0  15225-3 0  9996
2 45257  51.6402  62.0892 0006427 303.1531  56.8843 15.55570459 61103
PHOENIX                 
1 45258U 98067RB  21077.47530856  .00008955  00000-0  13907-3 0  9999
2 45258  51.6403  63.5611 0004727 281.9113  78.1347 15.54774871 61042
1998-067RC              
1 45259U 98067RC  21077.50562886  .00017142  00000-0  22976-3 0  9996
2 45259  51.6399  60.0254 0005267 304.7178  55.3318 15.58070944 61125
CRYOCUBE                
1 45260U 98067RD  21078.11618009  .00023046  00000-0  29967-3 0  9992
2 45260  51.6398  56.6064 0005363 309.3179  50.7338 15.58661940 61230
AZTECHSAT-1             
1 45261U 98067RE  21077.93935722  .00021204  00000-0  26030-3 0  9998
2 45261  51.6387  55.4166 0005161 309.4316  50.6220 15.60243790 61229
RADSAT-U                
1 45262U 98067RF  21077.94695948  .00010531  00000-0  15611-3 0  9997
2 45262  51.6424  60.0103 0005863 341.8297  18.2484 15.55835441 61172
QARMAN                  
1 45263U 98067RG  21078.12948823  .00016205  00000-0  21876-3 0  9996
2 45263  51.6399  57.4395 0005232 303.4206  56.6285 15.57925256 61240
SORTIE                  
1 45264U 98067RH  21077.55013735  .00005499  00000-0  92121-4 0  9993
2 45264  51.6418  64.8391 0006579 305.0948  54.9426 15.53542163 61063
ICS-EF (ISS DEB)        
1 45265U 98067RJ  21077.94610645  .00003453  00000-0  64717-4 0  9998
2 45265  51.6414  65.9470 0004728 307.6853  52.3708 15.51644505 60769
PROGRESS-MS 14          
1 45595U 20026A   21077.46361581  .00000363  00000-0  14787-4 0  9992
2 45595  51.6447  71.4436 0003380 123.3878  17.7677 15.48913220274539
G-SAT                   
1 45597U 98067RK  21078.09492301  .00011045  00000-0  16548-3 0  9994
2 45597  51.6409  60.9748 0004601   8.5721 351.5348 15.55488475 50539
QUETZAL-1               
1 45598U 98067RL  21078.13769522  .00015631  00000-0  22332-3 0  9995
2 45598  51.6408  60.5074 0003004  38.4002 321.7203 15.56431681 50477
RED-EYE 2 (MERLOT)      
1 45800U 98067RM  21077.42477330  .00005730  00000-0  10012-3 0  9996
2 45800  51.6418  68.4860 0001250 358.9003   1.1984 15.52256745 42542
RED-EYE 3 (CABERNET)    
1 45809U 98067RN  21077.94018791  .00004248  00000-0  76153-4 0  9996
2 45809  51.6421  65.9286 0001208 343.7704  16.3247 15.52268143 41603
DEMI                    
1 45916U 98067RP  21077.51170179  .00013670  00000-0  20256-3 0  9998
2 45916  51.6414  65.3310 0001128 237.1080 122.9803 15.55561686 38564
TECHEDSAT 10            
1 45917U 98067RQ  21074.19030243  .14537030  12173-4  22342-2 0  9998
2 45917  51.6119  62.4256 0002548 165.7704 194.3391 16.33306017 38253
SOYUZ-MS 17             
1 46613U 20072A   21077.46361581  .00000363  00000-0  14787-4 0  9995
2 46613  51.6447  71.4436 0003380 123.3878  17.7677 15.48913220274531
CREW DRAGON 1           
1 46920U 20084A   21077.46361581  .00000363  00000-0  14787-4 0  9999
2 46920  51.6447  71.4436 0003380 123.3878  17.7677 15.48913220274532
SPOC                    
1 46921U 98067RR  21078.33759160  .00008272  00000-0  13951-3 0  9995
2 46921  51.6428  64.8441 0002889  91.3158 268.8163 15.52587201 20845
BOBCAT-1                
1 46922U 98067RS  21077.97879127  .00011230  00000-0  18071-3 0  9997
2 46922  51.6433  66.2050 0002642  88.9719 271.1574 15.53492817 20758
NEUTRON-1               
1 46923U 98067RT  21078.47486096  .00008769  00000-0  14800-3 0  9992
2 46923  51.6426  64.2592 0002679 102.3317 257.7973 15.52477030 20892
1998-067RU              
1 46924U 98067RU  21077.97894670  .00018067  00000-0  26889-3 0  9990
2 46924  51.6414  65.4460 0002175 112.4668 247.6554 15.55197225 20799
LEMUR-2-BAXTER-OLIVER   
1 46925U 98067RV  21077.95879209  .00013616  00000-0  20186-3 0  9999
2 46925  51.6433  65.3244 0002143 115.1386 244.9827 15.55552776 20768
LEMUR-2-DJARA           
1 46926U 98067RW  21077.45881440  .00013828  00000-0  20760-3 0  9998
2 46926  51.6428  67.9831 0002082  99.3865 260.7361 15.55192177 20708
DESCENT                 
1 46927U 98067RX  21078.22096212  .00009171  00000-0  15463-3 0  9990
2 46927  51.6425  65.5616 0002542 119.8943 240.2299 15.52441283 20768
PROGRESS-MS 16          
1 47618U 21011A   21077.46361581  .00000363  00000-0  14787-4 0  9995
2 47618  51.6447  71.4436 0003380 123.3878  17.7677 15.48913220274537
CYGNUS NG-15            
1 47689U 21013A   21077.46361581  .00000363  00000-0  14787-4 0  9995
2 47689  51.6447  71.4436 0003380 123.3878  17.7677 15.48913220274535
1998-067RZ              
1 47853U 98067RZ  21078.34076237  .00001770  00000-0  40125-4 0  9998
2 47853  51.6438  67.1018 0003358 112.8056 247.3287 15.49117059  1298
