C
CYGNUS NG-15            
1 47689U 21013A   21077.46361581  .00000363  00000-0  14787-4 0  9995
2 47689  51.6447  71.4436 0003380 123.3878  17.7677 15.48913220274535
YAOGAN-31 G             
1 47691U 21014A   21078.54788294 -.00000090  00000-0  00000+0 0  9999
2 47691  63.4072  77.2433 0007133 271.0459  88.9751 13.46544152  3151
2021-014B               
1 47692U 21014B   21078.51613559 -.00000090  00000-0  00000+0 0  9998
2 47692  63.4094  77.5841 0006354 269.5730  90.4568 13.43777462  3142
YAOGAN-31 H             
1 47693U 21014C   21078.51988538 -.00000088  00000-0  00000+0 0  9998
2 47693  63.4077  78.0391 0015350 261.5359  98.3928 13.38777648  3131
2021-014D               
1 47694U 21014D   21078.50855679 -.00000090  00000-0  00000+0 0  9990
2 47694  63.4085  77.5570 0004937 289.0145  71.0345 13.44213182  3148
YAOGAN-31 J             
1 47695U 21014E   21078.54610352 -.00000090  00000-0  00000+0 0  9992
2 47695  63.4065  77.2353 0008863 275.7188  84.2827 13.46472000  3154
CZ-4C R/B               
1 47696U 21014F   21077.51170744 -.00000079  00000-0  18378-4 0  9994
2 47696  63.4627  77.7938 0116730  30.6874 330.0923 13.68338631  3060
2021-014G               
1 47697U 21014G   21078.41085391 -.00000089  00000-0  00000+0 0  9997
2 47697  63.4005  78.0922 0017767 233.3526 126.5850 13.41263008  3113
FLOCK 4S-41             
1 47698U 21006ER  21078.14149327  .00001546  00000-0  94043-4 0  9992
2 47698  97.5084 140.9197 0012437  59.5414 300.7043 15.11843223  8392
AMAZONIA 1              
1 47699U 21015A   21078.32910806 -.00000044  00000-0  00000+0 0  9999
2 47699  98.5041 153.6736 0000738 104.6113 255.5176 14.40807443  2760
2021-015B               
1 47700U 21015B   21078.10084643 -.00000066  00000-0  00000+0 0  9993
2 47700  97.3797 152.7303 0044710 179.4374 180.6915 15.12553069  2856
NANOCONNECT-2           
1 47701U 21015C   21078.11222663 -.00000071  00000-0  00000+0 0  9997
2 47701  97.4659 153.3074 0011150 247.5968 112.4379 15.22295842  2877
2021-015D               
1 47702U 21015D   21078.05152606 -.00000071  00000-0  00000+0 0  9990
2 47702  97.4693 153.2446 0011733 235.9818 124.0483 15.21883930  2853
SPACEBEE-87             
1 47703U 21015E   21077.73114465  .00003840  00000-0  17487-3 0  9993
2 47703  97.4587 152.8800 0009865 224.1392 135.9058 15.21252174  2809
SPACEBEE-86             
1 47704U 21015F   21077.86271598  .00003424  00000-0  15628-3 0  9992
2 47704  97.4586 153.0100 0009865 223.4909 136.5549 15.21253548  2809
SPACEBEE-85             
1 47705U 21015G   21077.86280586  .00003429  00000-0  15652-3 0  9992
2 47705  97.4585 153.0097 0009854 223.3130 136.7332 15.21246213  2822
SPACEBEE-84             
1 47706U 21015H   21077.73130923  .00003914  00000-0  17822-3 0  9998
2 47706  97.4585 152.8792 0009847 223.5907 136.4551 15.21242413  2804
SPACEBEE-83             
1 47707U 21015J   21077.86293597  .00003367  00000-0  15380-3 0  9999
2 47707  97.4586 153.0095 0009843 223.0922 136.9544 15.21235070  2823
SPACEBEE-82             
1 47708U 21015K   21077.86295471  .00003582  00000-0  16340-3 0  9999
2 47708  97.4585 153.0094 0009859 222.8003 137.2466 15.21237973  2827
SPACEBEE-81             
1 47709U 21015L   21077.86295854  .00003547  00000-0  16184-3 0  9992
2 47709  97.4584 153.0091 0009823 222.8092 137.2379 15.21239219  2742
SPACEBEE-80             
1 47710U 21015M   21077.86300667  .00003626  00000-0  16539-3 0  9995
2 47710  97.4583 153.0091 0009849 222.6429 137.4043 15.21235768  2827
SPACEBEE-76             
1 47711U 21015N   21077.86296563  .00003929  00000-0  17886-3 0  9997
2 47711  97.4584 153.0091 0009842 222.6786 137.3685 15.21245020  2821
2021-015P               
1 47712U 21015P   21078.45505366  .00004252  00000-0  19336-3 0  9990
2 47712  97.4585 153.5956 0009885 220.5659 139.4841 15.21238829  2917
2021-015Q               
1 47713U 21015Q   21075.82391603  .00005045  00000-0  22897-3 0  9993
2 47713  97.4590 150.9890 0009570 230.9058 129.1327 15.21216182  2419
SPACEBEE-77             
1 47714U 21015R   21078.12613453  .00003932  00000-0  17904-3 0  9996
2 47714  97.4584 153.2698 0009874 221.7269 138.3214 15.21241702  2787
SPACEBEE-78             
1 47715U 21015S   21078.12618678  .00003714  00000-0  16932-3 0  9999
2 47715  97.4584 153.2697 0009855 221.7096 138.3389 15.21234035  2867
2021-015T               
1 47716U 21015T   21078.26015106 -.00000070  00000-0  00000+0 0  9990
2 47716  97.4590 153.4043 0010975 215.9575 144.0945 15.20985723  2772
2021-015U               
1 47717U 21015U   21077.66848806 -.00000070  00000-0  00000+0 0  9995
2 47717  97.4595 152.8157 0011400 217.7618 142.3180 15.20945762  2792
2021-015V               
1 47718U 21015V   21077.66890460 -.00000070  00000-0  00000-0 0  9990
2 47718  97.4590 152.8121 0011867 211.6162 148.4738 15.20915288  2799
ARKTIKA-M 1             
1 47719U 21016A   21074.75700090 -.00000194  00000-0  00000+0 0  9994
2 47719  63.3148 292.8400 7210599 270.1095 275.5941  2.00207448   300
FREGAT R/B              
1 47720U 21016B   21077.43572173 -.00001139  00000-0  13403-2 0  9997
2 47720  63.3214 292.3593 7269252 269.5660  14.8565  1.98970374   301
SDSAT                   
1 47721U 21015W   21078.26737138 -.00000070  00000-0  00000+0 0  9992
2 47721  97.4701 153.4182 0011436 201.9840 158.0977 15.20407448  2873
STARLINK-2068           
1 47722U 21017A   21078.16667824 -.00000836  00000-0 -15362-5 0  9992
2 47722  53.0457 110.2061 0001250  60.1613 233.7235 15.73213069  2974
STARLINK-2107           
1 47723U 21017B   21078.16667824 -.00000857  00000-0 -16839-5 0  9996
2 47723  53.0457 110.2106 0001276  57.6028 234.3744 15.73213081  2970
STARLINK-2116           
1 47724U 21017C   21078.16667824 -.00000930  00000-0 -22061-5 0  9993
2 47724  53.0459 110.2089 0001258  59.7651 232.8480 15.73213142  2976
STARLINK-2125           
1 47725U 21017D   21078.16667824 -.00000689  00000-0 -48501-6 0  9993
2 47725  53.0457 110.2268 0001229  61.6663 222.0449 15.73212982  2974
STARLINK-2126           
1 47726U 21017E   21078.16667824 -.00000895  00000-0 -19526-5 0  9997
2 47726  53.0455 110.2211 0001230  62.4109 223.8437 15.73213099  2973
STARLINK-2129           
1 47727U 21017F   21078.50002315 -.00293653  00000-0 -21534-2 0  9999
2 47727  53.0442 108.5507 0001166  64.0575 318.4259 15.73285804  3024
STARLINK-2131           
1 47728U 21017G   21078.50002315 -.00247245  00000-0 -18025-2 0  9997
2 47728  53.0445 108.5567 0001034  57.3238 322.5890 15.73286286  3021
STARLINK-2132           
1 47729U 21017H   21078.50002315 -.00000839  00000-0 -15559-5 0  9996
2 47729  53.0439 108.5557 0001308  55.8373 324.6466 15.73212840  3028
STARLINK-2140           
1 47730U 21017J   21078.50002315  .00065453  00000-0  46681-3 0  9997
2 47730  53.0461 108.6068 0000871  27.2103 329.1264 15.73213052  3023
STARLINK-2141           
1 47731U 21017K   21078.41667824  .00036986  00000-0  26669-3 0  9993
2 47731  53.0461 109.0172 0000880  31.9808 213.7707 15.73204209  3012
STARLINK-2142           
1 47732U 21017L   21078.16667824 -.00000805  00000-0 -13126-5 0  9995
2 47732  53.0456 110.2048 0001380  50.2355 244.2853 15.73213038  2975
STARLINK-2143           
1 47733U 21017M   21078.50002315  .00072590  00000-0  51736-3 0  9997
2 47733  53.0461 108.6098 0001123  44.0512 310.8081 15.73187021  3021
STARLINK-2144           
1 47734U 21017N   21077.91667824 -.00001171  00000-0 -39184-5 0  9998
2 47734  53.0455 111.5027 0001322  53.2538 237.8379 15.73213243  1775
STARLINK-2146           
1 47735U 21017P   21078.16667824 -.00000760  00000-0 -99022-6 0  9998
2 47735  53.0456 110.2021 0001260  59.9397 235.8527 15.73213023  2976
STARLINK-2147           
1 47736U 21017Q   21078.16667824 -.00001240  00000-0 -44092-5 0  9999
2 47736  53.0456 110.2138 0001376  53.3582 236.7115 15.73213257  2970
STARLINK-2148           
1 47737U 21017R   21078.16667824 -.00000786  00000-0 -11760-5 0  9990
2 47737  53.0458 110.2032 0001285  58.3849 236.7716 15.73213045  2978
STARLINK-2149           
1 47738U 21017S   21078.50002315  .00099421  00000-0  70250-3 0  9996
2 47738  53.0461 108.5635 0000800 336.3946  40.2504 15.73260627  3029
STARLINK-2150           
1 47739U 21017T   21077.91667824 -.00001011  00000-0 -27770-5 0  9994
2 47739  53.0453 111.5123 0001265  59.4434 226.5616 15.73213131  1779
STARLINK-2152           
1 47740U 21017U   21078.50002315 -.00151027  00000-0 -10860-2 0  9992
2 47740  53.0451 108.5820 0001724  57.5389 310.3024 15.73302383  3020
STARLINK-2154           
1 47741U 21017V   21078.50002315  .00070789  00000-0  50487-3 0  9996
2 47741  53.0456 108.5882 0001001  45.9100 319.1383 15.73181063  3029
STARLINK-2156           
1 47742U 21017W   21078.16667824 -.00000794  00000-0 -12373-5 0  9996
2 47742  53.0457 110.2156 0001271  58.0855 231.3484 15.73213038  2974
STARLINK-2157           
1 47743U 21017X   21078.50002315 -.00658522  00000-0 -50006-2 0  9993
2 47743  53.0445 108.5680 0005733 278.2115  95.9526 15.73450468  3024
STARLINK-2158           
1 47744U 21017Y   21078.16667824 -.00000901  00000-0 -19968-5 0  9995
2 47744  53.0459 110.2170 0001299  56.6576 232.1404 15.73213126  2977
STARLINK-2159           
1 47745U 21017Z   21077.91667824 -.00001238  00000-0 -43936-5 0  9994
2 47745  53.0454 111.4763 0001417  48.6763 254.4966 15.73213251  1771
STARLINK-2160           
1 47746U 21017AA  21078.50002315  .00067914  00000-0  48511-3 0  9992
2 47746  53.0460 108.6042 0001495  62.8818 294.5542 15.73161572  3025
STARLINK-2161           
1 47747U 21017AB  21078.16667824 -.00000826  00000-0 -14657-5 0  9994
2 47747  53.0457 110.2234 0001298  57.4471 228.1716 15.73213078  2978
STARLINK-2162           
1 47748U 21017AC  21078.41667824 -.00691557  00000-0 -52761-2 0  9995
2 47748  53.0447 108.9788 0001302  68.2858 195.4694 15.73480157  3012
STARLINK-2163           
1 47749U 21017AD  21078.41667824 -.00052546  00000-0 -37094-3 0  9998
2 47749  53.0455 108.9843 0001221 303.9991 317.2425 15.73281722  3014
STARLINK-2164           
1 47750U 21017AE  21078.50002315 -.00005087  00000-0 -31818-4 0  9995
2 47750  53.0440 108.5627 0001286  59.2299 318.0737 15.73215316  3021
STARLINK-2168           
1 47751U 21017AF  21077.91667824 -.00001049  00000-0 -30489-5 0  9990
2 47751  53.0454 111.5163 0001291  56.0281 228.0693 15.73213167  1771
STARLINK-2169           
1 47752U 21017AG  21078.33335648  .00004586  00000-0  37058-4 0  9999
2 47752  53.0457 109.4062 0001215  59.4515  85.5625 15.73206676  2995
STARLINK-2170           
1 47753U 21017AH  21078.41667824 -.00055485  00000-0 -39183-3 0  9999
2 47753  53.0460 108.9987 0001157  57.4566 196.7008 15.73295924  3017
STARLINK-2171           
1 47754U 21017AJ  21077.91667824 -.00001084  00000-0 -32969-5 0  9997
2 47754  53.0455 111.4981 0001252  59.3246 233.6747 15.73213187  1770
STARLINK-2172           
1 47755U 21017AK  21078.33335648 -.00011303  00000-0 -76052-4 0  9996
2 47755  53.0455 109.4015 0001581  70.2282  76.9346 15.73245445  2993
STARLINK-2174           
1 47756U 21017AL  21077.91667824 -.00001050  00000-0 -30570-5 0  9998
2 47756  53.0454 111.4965 0001364  50.8728 242.7624 15.73213146  1778
STARLINK-2175           
1 47757U 21017AM  21078.41667824  .00031221  00000-0  22565-3 0  9999
2 47757  53.0459 109.0085 0000683   1.1399 248.3744 15.73236659  3014
STARLINK-2176           
1 47758U 21017AN  21077.91667824 -.00001061  00000-0 -31347-5 0  9995
2 47758  53.0455 111.4924 0001244  61.4570 234.0858 15.73213164  1779
STARLINK-2177           
1 47759U 21017AP  21078.33335648 -.00002175  00000-0 -11056-4 0  9990
2 47759  53.0458 109.4106 0001263  62.2722  80.4318 15.73241113  2995
STARLINK-2178           
1 47760U 21017AQ  21077.91667824 -.00001097  00000-0 -33876-5 0  9996
2 47760  53.0454 111.5072 0001380  50.2923 238.2561 15.73213185  1775
STARLINK-2179           
1 47761U 21017AR  21077.91667824 -.00001177  00000-0 -39577-5 0  9990
2 47761  53.0454 111.4896 0001385  50.0273 246.7871 15.73213212  1779
STARLINK-2180           
1 47762U 21017AS  21077.91667824 -.00000991  00000-0 -26397-5 0  9990
2 47762  53.0461 111.5109 0001235  60.4612 226.8155 15.73213193  1774
STARLINK-2181           
1 47763U 21017AT  21078.50002315  .00080011  00000-0  56856-3 0  9995
2 47763  53.0460 108.6090 0000847  30.0757 325.3435 15.73217514  3028
STARLINK-2182           
1 47764U 21017AU  21077.91667824 -.00001180  00000-0 -39837-5 0  9996
2 47764  53.0454 111.5136 0001446  45.8974 239.4717 15.73213228  1773
STARLINK-2183           
1 47765U 21017AV  21077.91667824 -.00001024  00000-0 -28680-5 0  9998
2 47765  53.0456 111.4732 0001369  50.1365 254.9441 15.73213128  1779
STARLINK-2184           
1 47766U 21017AW  21077.91667824 -.00001054  00000-0 -30842-5 0  9995
2 47766  53.0453 111.5153 0001383  49.2158 235.5175 15.73213141  1774
STARLINK-2185           
1 47767U 21017AX  21077.91667824 -.00001257  00000-0 -45301-5 0  9997
2 47767  53.0457 111.4834 0001308  55.5454 244.4483 15.73213291  1777
STARLINK-2189           
1 47768U 21017AY  21077.91667824 -.00001073  00000-0 -32205-5 0  9993
2 47768  53.0455 111.5114 0001288  56.8622 229.7786 15.73213169  1772
STARLINK-2192           
1 47769U 21017AZ  21077.91667824 -.00000983  00000-0 -25780-5 0  9993
2 47769  53.0456 111.5090 0001281  57.2799 230.6326 15.73213140  1770
STARLINK-2193           
1 47770U 21017BA  21078.16667824 -.00000657  00000-0 -26228-6 0  9990
2 47770  53.0458 110.2287 0001304  56.4434 226.6320 15.73212982  2976
STARLINK-2194           
1 47771U 21017BB  21077.91667824 -.00001249  00000-0 -44736-5 0  9994
2 47771  53.0455 111.4736 0001252  59.8469 244.5977 15.73213278  1776
STARLINK-2195           
1 47772U 21017BC  21077.91667824 -.00000991  00000-0 -26346-5 0  9995
2 47772  53.0455 111.5212 0001272  57.1291 225.0608 15.73213132  1777
STARLINK-2196           
1 47773U 21017BD  21077.91667824 -.00000974  00000-0 -25124-5 0  9990
2 47773  53.0454 111.5193 0001329  53.0428 229.7829 15.73213110  1777
STARLINK-2197           
1 47774U 21017BE  21077.91667824 -.00001057  00000-0 -31080-5 0  9992
2 47774  53.0453 111.5185 0001295  55.6467 227.8148 15.73213146  1773
STARLINK-2198           
1 47775U 21017BF  21077.91667824 -.00001008  00000-0 -27595-5 0  9995
2 47775  53.0456 111.5222 0001348  51.3175 230.2365 15.73213149  1779
STARLINK-2209           
1 47776U 21017BG  21077.91667824 -.00001241  00000-0 -44133-5 0  9992
2 47776  53.0454 111.4939 0001412  48.9474 245.9595 15.73213260  1770
STARLINK-2210           
1 47777U 21017BH  21077.91667824 -.00001235  00000-0 -43761-5 0  9992
2 47777  53.0455 111.4948 0001393  48.9699 245.3011 15.73213264  1770
STARLINK-2211           
1 47778U 21017BJ  21078.33335648 -.01113180  00000-0 -65543-2 0  9999
2 47778  53.0410 108.6810 0001476  43.8260  93.1506 15.79963346  3014
STARLINK-2212           
1 47779U 21017BK  21077.91667824 -.00001171  00000-0 -39140-5 0  9999
2 47779  53.0456 111.4866 0001431  47.0772 251.6448 15.73213221  1774
STARLINK-2213           
1 47780U 21017BL  21078.33335648 -.01090112  00000-0 -82298-2 0  9997
2 47780  53.0454 109.2194 0002528 350.6116 248.7189 15.74364544  3009
STARLINK-2223           
1 47781U 21017BM  21077.91667824 -.00001159  00000-0 -38322-5 0  9999
2 47781  53.0455 111.4782 0001387  49.1868 253.3504 15.73213210  1772
FALCON 9 R/B            
1 47782U 21017BN  21078.38868721  .00608231  22325-3  43462-3 0  9999
2 47782  53.0462 107.0799 0019219 287.2703  72.6241 16.14964924  7672
FALCON 9 DEB            
1 47783U 21017BP  21078.35373965  .00436553  10738-3  42901-3 0  9996
2 47783  53.0450 107.5891 0019795 285.7219  74.1631 16.10365808  7663
FALCON 9 DEB            
1 47784U 21017BQ  21078.47650375  .00396060  89536-4  39588-3 0  9991
2 47784  53.0459 106.9290 0017135 284.7247  75.1887 16.10236870  7687
FALCON 9 DEB            
1 47785U 21017BR  21078.46466805  .00462475  12314-3  40742-3 0  9991
2 47785  53.0441 106.8493 0016549 275.5670  84.3477 16.12114258  7683
FALCON 9 DEB            
1 47786U 21017BS  21078.45909129  .00562580  18543-3  45169-3 0  9998
2 47786  53.0440 106.8140 0014908 280.2712  79.6642 16.13511421  7684
STARLINK-2257           
1 47787U 21018A   21078.33335648 -.01105642  00000-0 -44274-2 0  9992
2 47787  53.0491 148.5876 0001222  39.6472 233.2398 15.88352811  2165
STARLINK-2314           
1 47788U 21018B   21078.33335648 -.01099713  00000-0 -45332-2 0  9990
2 47788  53.0488 148.6194 0001193  25.9407 232.7465 15.87763016  2160
STARLINK-2315           
1 47789U 21018C   21078.41667824 -.01109349  00000-0 -46154-2 0  9994
2 47789  53.0493 148.1963 0001439  33.1639 343.0546 15.87599005  2179
STARLINK-2319           
1 47790U 21018D   21078.33335648 -.01104071  00000-0 -45533-2 0  9990
2 47790  53.0489 148.6183 0001271  37.2369 221.7756 15.87763274  2169
STARLINK-2322           
1 47791U 21018E   21078.50002315 -.01107986  00000-0 -45847-2 0  9998
2 47791  53.0494 147.7581 0001608  36.2960 104.2200 15.87702263  2180
STARLINK-2334           
1 47792U 21018F   21078.16667824 -.01117344  00000-0 -44607-2 0  9995
2 47792  53.0498 149.4542 0002401 354.5995  36.7972 15.88425863  2136
STARLINK-2338           
1 47793U 21018G   21078.50002315 -.01107459  00000-0 -46225-2 0  9996
2 47793  53.0492 147.7673 0001485  41.0342  95.4313 15.87529120  2188
STARLINK-2341           
1 47794U 21018H   21078.50002315 -.01107479  00000-0 -46273-2 0  9992
2 47794  53.0494 147.7677 0001470  42.6756  93.4272 15.87508986  2184
STARLINK-2347           
1 47795U 21018J   21078.41667824 -.01109617  00000-0 -45732-2 0  9990
2 47795  53.0495 148.1862 0001393  34.1576 346.6711 15.87788177  2179
STARLINK-2373           
1 47796U 21018K   21078.41667824 -.01109458  00000-0 -45901-2 0  9992
2 47796  53.0510 148.1913 0001308  38.1948 341.0875 15.87712468  2178
STARLINK-2377           
1 47797U 21018L   21078.41667824 -.01110222  00000-0 -44855-2 0  9991
2 47797  53.0512 148.1669 0001424  34.3134 356.1403 15.88185010  2175
STARLINK-2379           
1 47798U 21018M   21078.50002315 -.01107747  00000-0 -46375-2 0  9997
2 47798  53.0490 147.7696 0001576  36.6091  98.1953 15.87469173  2189
STARLINK-2380           
1 47799U 21018N   21078.16667824 -.01110587  00000-0 -44651-2 0  9993
2 47799  53.0497 149.4616 0001375  36.4991 351.8946 15.88283310  2136
STARLINK-2381           
1 47800U 21018P   21078.50002315 -.01107359  00000-0 -46515-2 0  9996
2 47800  53.0488 147.7729 0001493  40.5801  92.8029 15.87401953  2185
STARLINK-2382           
1 47801U 21018Q   21078.50002315 -.01111370  00000-0 -46173-2 0  9995
2 47801  53.0489 147.7616 0001549  35.5459 102.9989 15.87630657  2180
STARLINK-2383           
1 47802U 21018R   21078.50002315 -.01108655  00000-0 -45175-2 0  9999
2 47802  53.0491 147.7410 0001498  41.6383 106.2709 15.88011151  2183
STARLINK-2384           
1 47803U 21018S   21078.50002315 -.01110283  00000-0 -46656-2 0  9995
2 47803  53.0488 147.7751 0001531  37.0365  95.4584 15.87400783  2187
STARLINK-2385           
1 47804U 21018T   21078.41667824 -.01109620  00000-0 -45816-2 0  9998
2 47804  53.0494 148.1876 0001417  33.0146 347.1442 15.87751395  2171
STARLINK-2386           
1 47805U 21018U   21078.50002315 -.01107819  00000-0 -46144-2 0  9990
2 47805  53.0488 147.7648 0001520  39.6722  97.4477 15.87571084  2183
STARLINK-2387           
1 47806U 21018V   21078.50002315 -.01111529  00000-0 -46114-2 0  9991
2 47806  53.0489 147.7584 0001511  36.9315 103.0436 15.87659875  2186
STARLINK-2388           
1 47807U 21018W   21078.50002315 -.01107321  00000-0 -46396-2 0  9999
2 47807  53.0508 147.7733 0001492  41.1143  93.3271 15.87452452  2180
STARLINK-2389           
1 47808U 21018X   21078.50002315 -.01107816  00000-0 -45959-2 0  9993
2 47808  53.0494 147.7600 0001489  40.9869  98.4809 15.87651596  2189
STARLINK-2390           
1 47809U 21018Y   21078.33335648 -.01103759  00000-0 -44265-2 0  9994
2 47809  53.0491 148.5891 0001220  36.5971 235.5877 15.88318613  2164
STARLINK-2391           
1 47810U 21018Z   21078.41667824 -.01110391  00000-0 -44627-2 0  9991
2 47810  53.0496 148.1595 0001340  38.1003 354.9475 15.88290401  2170
STARLINK-2392           
1 47811U 21018AA  21078.41667824 -.01109672  00000-0 -45718-2 0  9994
2 47811  53.0495 148.1858 0001323  38.5008 342.5825 15.87796222  2175
STARLINK-2393           
1 47812U 21018AB  21078.16667824 -.01124740  00000-0 -43951-2 0  9997
2 47812  53.0490 149.4311 0002675 342.5102  58.9948 15.88861933  2136
STARLINK-2394           
1 47813U 21018AC  21078.50002315 -.01107452  00000-0 -46314-2 0  9991
2 47813  53.0511 147.7707 0001572  36.9664  98.4142 15.87489547  2189
STARLINK-2395           
1 47814U 21018AD  21078.41667824 -.01109853  00000-0 -45440-2 0  9990
2 47814  53.0492 148.1778 0001317  37.8835 346.2912 15.87921377  2189
STARLINK-2396           
1 47815U 21018AE  21078.16667824 -.01114545  00000-0 -44313-2 0  9995
2 47815  53.0498 149.4502 0001908   7.6115  25.6477 15.88506881  2136
STARLINK-2399           
1 47816U 21018AF  21078.33335648 -.01110098  00000-0 -44742-2 0  9996
2 47816  53.0493 148.5944 0001314  41.7536 228.4030 15.88233778  2162
STARLINK-2400           
1 47817U 21018AG  21078.41667824 -.01109449  00000-0 -45354-2 0  9998
2 47817  53.0491 148.1763 0001344  36.6830 348.2103 15.87950529  2182
STARLINK-2401           
1 47818U 21018AH  21078.41667824 -.01110214  00000-0 -44769-2 0  9990
2 47818  53.0494 148.1618 0001385  34.9230 356.5981 15.88223323  2187
STARLINK-2402           
1 47819U 21018AJ  21078.33335648 -.01105559  00000-0 -44744-2 0  9997
2 47819  53.0490 148.5985 0001248  40.2561 227.6241 15.88141507  2168
STARLINK-2403           
1 47820U 21018AK  21078.50002315 -.01108740  00000-0 -44980-2 0  9997
2 47820  53.0493 147.7357 0001468  42.2126 108.0250 15.88099157  2198
STARLINK-2406           
1 47821U 21018AL  21078.50002315 -.01107932  00000-0 -45695-2 0  9994
2 47821  53.0510 147.7567 0001576  37.1011 104.8065 15.87767803  2195
STARLINK-2407           
1 47822U 21018AM  21078.33335648 -.01108555  00000-0 -43957-2 0  9995
2 47822  53.0495 148.5781 0001309  39.6152 238.0710 15.88552895  2160
STARLINK-2408           
1 47823U 21018AN  21078.50002315 -.01108086  00000-0 -45642-2 0  9999
2 47823  53.0494 147.7528 0001522  39.4956 103.3448 15.87794676  2196
STARLINK-2409           
1 47824U 21018AP  21078.50002315 -.01108087  00000-0 -45531-2 0  9998
2 47824  53.0489 147.7497 0001401  46.3636  97.5103 15.87844619  2199
STARLINK-2410           
1 47825U 21018AQ  21078.50002315 -.01108018  00000-0 -45714-2 0  9996
2 47825  53.0490 147.7534 0001502  41.0846 101.0564 15.87762107  2194
STARLINK-2411           
1 47826U 21018AR  21078.50002315 -.01108058  00000-0 -45674-2 0  9996
2 47826  53.0489 147.7528 0001497  41.2403 101.2496 15.87780422  2196
STARLINK-2413           
1 47827U 21018AS  21078.50002315 -.01107884  00000-0 -45984-2 0  9997
2 47827  53.0492 147.7609 0001283  55.7714  83.3370 15.87644572  2195
STARLINK-2415           
1 47828U 21018AT  21078.33335648 -.01111085  00000-0 -44095-2 0  9997
2 47828  53.0495 148.5785 0001313  40.5922 236.7675 15.88541982  2161
STARLINK-2416           
1 47829U 21018AU  21078.50002315 -.01108535  00000-0 -45055-2 0  9992
2 47829  53.0494 147.7387 0001452  44.2791 105.0440 15.88062108  2198
STARLINK-2419           
1 47830U 21018AV  21078.50002315 -.01108601  00000-0 -45042-2 0  9994
2 47830  53.0494 147.7380 0001475  42.9230 106.6101 15.88068896  2192
STARLINK-2420           
1 47831U 21018AW  21078.41667824 -.01109236  00000-0 -45623-2 0  9997
2 47831  53.0495 148.1831 0001491  31.2186 350.9153 15.87826772  2183
STARLINK-2422           
1 47832U 21018AX  21078.41667824 -.01111169  00000-0 -44941-2 0  9998
2 47832  53.0492 148.1647 0001363  27.6464   2.5015 15.88166890  2188
STARLINK-2423           
1 47833U 21018AY  21078.33335648 -.01110591  00000-0 -44637-2 0  9996
2 47833  53.0493 148.5923 0001340  41.0970 230.0461 15.88290015  2166
STARLINK-2424           
1 47834U 21018AZ  21078.33335648 -.01106273  00000-0 -44615-2 0  9995
2 47834  53.0487 148.5945 0001225  41.9014 227.9126 15.88213557  2163
STARLINK-2425           
1 47835U 21018BA  21078.33335648 -.01098702  00000-0 -43808-2 0  9996
2 47835  53.0489 148.5832 0001137  20.9319 254.0559 15.88422025  2161
STARLINK-2426           
1 47836U 21018BB  21078.33335648 -.01110566  00000-0 -44690-2 0  9990
2 47836  53.0493 148.5931 0001297  44.3135 226.4915 15.88266503  2166
STARLINK-2427           
1 47837U 21018BC  21078.33335648 -.01106185  00000-0 -45555-2 0  9994
2 47837  53.0489 148.6164 0001264  42.6044 217.2905 15.87796941  2165
STARLINK-2429           
1 47838U 21018BD  21078.41667824 -.01110091  00000-0 -44980-2 0  9990
2 47838  53.0493 148.1677 0001362  36.2338 352.9960 15.88127851  2188
STARLINK-2431           
1 47839U 21018BE  21078.41667824 -.01108350  00000-0 -46227-2 0  9992
2 47839  53.0488 148.1984 0001417  28.4843 346.3351 15.87547290  2182
STARLINK-2432           
1 47840U 21018BF  21078.41667824 -.01109519  00000-0 -46106-2 0  9998
2 47840  53.0493 148.1947 0001402  34.2062 342.9101 15.87623672  2185
STARLINK-2433           
1 47841U 21018BG  21078.33335648 -.01106732  00000-0 -45491-2 0  9996
2 47841  53.0489 148.6137 0001266  44.5030 216.4613 15.87836077  2160
STARLINK-2434           
1 47842U 21018BH  21078.50002315 -.01112634  00000-0 -45133-2 0  9999
2 47842  53.0492 147.7353 0001553  34.0472 116.5448 15.88109655  2193
STARLINK-2435           
1 47843U 21018BJ  21078.41667824 -.01109935  00000-0 -44795-2 0  9995
2 47843  53.0492 148.1635 0001353  37.1850 353.6228 15.88206546  2180
STARLINK-2446           
1 47844U 21018BK  21078.33335648 -.01097909  00000-0 -43942-2 0  9993
2 47844  53.0488 148.5873 0001041  17.6813 255.4139 15.88346466  2164
STARLINK-2453           
1 47845U 21018BL  21078.41667824 -.01110037  00000-0 -45061-2 0  9999
2 47845  53.0492 148.1693 0001353  36.2680 351.9071 15.88091134  2189
STARLINK-2456           
1 47846U 21018BM  21078.41667824 -.01109629  00000-0 -45012-2 0  9991
2 47846  53.0492 148.1687 0001389  32.9204 355.5870 15.88104036  2180
FALCON 9 DEB            
1 47847U 21018BN  21078.44383701  .00284657  47997-4  39314-3 0  9995
2 47847  53.0503 147.6465 0010818 209.1975 150.8454 16.05451962  1650
FALCON 9 DEB            
1 47848U 21018BP  21078.44284221  .00269189  44108-4  37052-3 0  9994
2 47848  53.0504 147.6402 0009549 198.7341 161.3341 16.05546009  1651
FALCON 9 DEB            
1 47849U 21018BQ  21078.37507809  .00300488  53216-4  37792-3 0  9996
2 47849  53.0501 147.9304 0012975 189.8610 170.2170 16.06881834  1647
FALCON 9 DEB            
1 47850U 21018BR  21078.43511862  .00334462  64035-4  40533-3 0  9996
2 47850  53.0498 147.5930 0010607 181.0450 179.0562 16.07513599  1655
SHIYAN 9 (SY-9)         
1 47851U 21019A   21077.39041559 -.00000041  00000-0  00000+0 0  9996
2 47851  19.5648  96.0151 7207077 183.9690 355.9433  2.25988980   157
CZ-7A R/B               
1 47852U 21019B   21078.08115655  .00034686  63043-6  27014-3 0  9994
2 47852  19.5518  95.5829 7240479 183.6109 164.6319  2.38795562   182
2021-020A               
1 47854U 21020A   21077.65391483 -.00000202  00000-0 -19367-3 0  9994
2 47854  63.4123 139.3427 0004635 263.5853  96.4653 13.43805567   744
2021-020B               
1 47855U 21020B   21078.24415986  .00001346  00000-0  24175-2 0  9996
2 47855  63.4114 137.7957 0009319 286.1479  73.7316 13.45553124   839
2021-020C               
1 47856U 21020C   21078.41528366  .00000937  00000-0  19520-2 0  9996
2 47856  63.4098 137.4899 0010241 343.3434  16.7258 13.37612142   857
2021-020D               
1 47857U 21020D   21078.39522320  .00279725  00000-0  45363+0 0  9992
2 47857  63.4085 137.4178 0013669 300.5271  59.4708 13.45860160   842
2021-020E               
1 47858U 21020E   21077.92391197 -.00000005  00000-0  10262-3 0  9995
2 47858  63.4636 138.1176 0116854  27.2644 333.4467 13.67459733   805
2021-020F               
1 47859U 21020F   21078.54482224 -.00000090  00000-0  00000+0 0  9996
2 47859  63.4124 137.0494 0002895 290.4043  69.6675 13.44241840   863
