NOAA 15                 
1 25338U 98030A   21078.48550228  .00000019  00000-0  26588-4 0  9996
2 25338  98.6927 107.7714 0010544 176.8782 183.2465 14.26017809188424
DMSP 5D-3 F15 (USA 147) 
1 25991U 99067A   21078.38096425 -.00000086  00000-0 -20122-4 0  9999
2 25991  99.0081  58.3560 0010639  43.7939 112.3319 14.16459153 99362
METEOSAT-8 (MSG-1)      
1 27509U 02040B   21077.56785549  .00000137  00000-0  00000-0 0  9996
2 27509   7.2101  52.8906 0001389 304.6552  64.6143  1.00275256 68042
DMSP 5D-3 F16 (USA 172) 
1 28054U 03048A   21078.37055722 -.00000039  00000-0  31549-5 0  9993
2 28054  98.9466  62.9380 0007678 157.2699   9.6657 14.13647189898730
NOAA 18                 
1 28654U 05018A   21078.34950570  .00000070  00000-0  62442-4 0  9999
2 28654  99.0044 142.8176 0014592 172.8037 187.3346 14.12590267815813
METEOSAT-9 (MSG-2)      
1 28912U 05049B   21077.26570976  .00000016  00000-0  00000-0 0  9996
2 28912   5.0121  68.8874 0000998 254.5416 311.5556  1.00271595 55812
FORMOSAT-3 FM6          
1 29047U 06011A   21077.79174470  .00000022  00000-0  25053-4 0  9999
2 29047  71.9765 270.0282 0051533 307.4095  52.2356 14.28801389780490
FORMOSAT-3 FM1          
1 29048U 06011B   21077.67674747  .00000085  00000-0  49967-4 0  9998
2 29048  71.9672 180.8508 0045674 267.4871  92.1036 14.28758990782953
FORMOSAT-3 FM5          
1 29049U 06011C   21078.15312768  .00000119  00000-0  63225-4 0  9996
2 29049  72.0230 353.0907 0036677 289.5489  70.1689 14.28839710778816
FORMOSAT-3 FM3          
1 29050U 06011D   21078.08823060  .00000146  00000-0  40965-4 0  9998
2 29050  72.0144 111.2270 0050213 188.2167 171.8169 14.59032368796482
FORMOSAT-3 FM4          
1 29051U 06011E   21077.79653205  .00000065  00000-0  41111-4 0  9992
2 29051  72.0032 255.3375 0068242 171.8310 188.3956 14.28873773781349
FORMOSAT-3 FM2          
1 29052U 06011F   21078.40614790  .00000109  00000-0  58838-4 0  9991
2 29052  72.0360 329.1258 0041934 249.6837 109.9791 14.28980774779793
EWS-G1 (GOES 13)        
1 29155U 06018A   21077.77757804  .00000035  00000-0  00000-0 0  9997
2 29155   0.3444 275.2427 0003311 330.6656 272.1360  1.00271762 24154
METOP-A                 
1 29499U 06044A   21078.37326569 -.00000003  00000-0  17752-4 0  9996
2 29499  98.4849 121.1858 0001266 123.0878 298.2489 14.21501389747944
DMSP 5D-3 F17 (USA 191) 
1 29522U 06050A   21078.31611264  .00000015  00000-0  30903-4 0  9998
2 29522  98.7901  96.3883 0010923 114.0585 246.1732 14.14040653741579
FENGYUN 3A              
1 32958U 08026A   21078.42011695 -.00000003  00000-0  18308-4 0  9997
2 32958  98.4412  56.3604 0007560 259.2807 100.7519 14.18650038663815
FENGYUN 2E              
1 33463U 08066A   21077.92094425 -.00000201  00000-0  00000-0 0  9995
2 33463   4.9174  67.5642 0003501 331.3582 195.6083  1.00279547 44870
NOAA 19                 
1 33591U 09005A   21078.44588499  .00000001  00000-0  25677-4 0  9996
2 33591  99.1912  96.8892 0014314  28.7316 331.4641 14.12456037624216
GOES 14                 
1 35491U 09033A   21078.49097858 -.00000093  00000-0  00000+0 0  9997
2 35491   0.0969 137.4792 0010397  87.7286  24.4127  1.00273301 42945
METEOR-M 1              
1 35865U 09049A   21078.44954360  .00000012  00000-0  24024-4 0  9991
2 35865  98.4713  60.2161 0003423 103.1946 256.9614 14.22267303597007
DMSP 5D-3 F18 (USA 210) 
1 35951U 09057A   21078.36423698  .00000071  00000-0  60587-4 0  9991
2 35951  98.6741  65.3744 0010184 308.5555  51.4705 14.13339740588833
GOES 15                 
1 36411U 10008A   21077.63843834  .00000055  00000-0  00000+0 0  9999
2 36411   0.1458 246.8946 0003948 146.4824 244.4429  1.00272361 40440
COMS 1                  
1 36744U 10032A   21077.90909510 -.00000345  00000-0  00000-0 0  9993
2 36744   0.0144 152.0602 0000827 193.8398 286.2135  1.00271255 31878
FENGYUN 3B              
1 37214U 10059A   21078.43739681  .00000002  00000-0  24481-4 0  9996
2 37214  99.0752  70.8156 0016450 205.8422 154.1938 14.15979420536598
SUOMI NPP               
1 37849U 11061A   21078.30990806  .00000015  00000-0  27973-4 0  9991
2 37849  98.7300  18.2206 0001035 112.6226  39.6480 14.19553882486619
FENGYUN 2F              
1 38049U 12002A   21077.92600394 -.00000358  00000-0  00000-0 0  9996
2 38049   2.7000  82.5475 0004165  42.9175 136.4290  1.00280062 33673
METEOSAT-10 (MSG-3)     
1 38552U 12035B   21077.83371062  .00000059  00000-0  00000-0 0  9995
2 38552   1.2154   1.9797 0000878 354.9933 128.9764  1.00269323 31647
METOP-B                 
1 38771U 12049A   21078.44855324 -.00000007  00000-0  16908-4 0  9991
2 38771  98.6903 139.7633 0000334 300.4180 240.3337 14.21500556441089
FENGYUN 3C              
1 39260U 13052A   21078.45742375  .00000009  00000-0  25389-4 0  9996
2 39260  98.5122 123.2402 0011834 140.6163 219.5882 14.15862228387531
METEOR-M 2              
1 40069U 14037A   21078.42745473 -.00000035  00000-0  29441-5 0  9992
2 40069  98.4718 111.0987 0005212 192.4160 167.6891 14.20682057347252
HIMAWARI-8              
1 40267U 14060A   21077.55257525 -.00000277  00000-0  00000-0 0  9990
2 40267   0.0371 187.0756 0000655 184.0435 144.7817  1.00272123 23541
FENGYUN 2G              
1 40367U 14090A   21078.30743800 -.00000302  00000-0  00000+0 0  9992
2 40367   0.8104  92.8621 0001594 303.5691 350.6838  1.00282000 22830
METEOSAT-11 (MSG-4)     
1 40732U 15034A   21077.90358431 -.00000007  00000-0  00000-0 0  9997
2 40732   0.2012 245.7621 0000178  42.2803 213.4804  1.00272138 20823
ELEKTRO-L 2             
1 41105U 15074A   21077.90079275 -.00000116  00000-0  00000-0 0  9993
2 41105   1.8607  93.6177 0000295 120.2064 272.5975  1.00273708 19307
HIMAWARI-9              
1 41836U 16064A   21077.55257525 -.00000277  00000-0  00000-0 0  9999
2 41836   0.0180 214.9118 0000886 163.3348 137.7532  1.00270455 15973
GOES 16                 
1 41866U 16071A   21078.50988229 -.00000249  00000-0  00000+0 0  9996
2 41866   0.0601 297.4767 0001466  70.4891 277.6405  1.00273479 15901
FENGYUN 4A              
1 41882U 16077A   21077.51646834 -.00000331  00000-0  00000+0 0  9995
2 41882   0.1816  91.6000 0003301 349.5597  25.5914  1.00276444 15769
CYGFM05                 
1 41884U 16078A   21077.60168199  .00000542  00000-0  30098-4 0  9999
2 41884  34.9558 156.7074 0016120 332.5848  27.4012 15.14924751235649
CYGFM04                 
1 41885U 16078B   21077.61059486  .00000562  00000-0  30714-4 0  9996
2 41885  34.9490 148.3573 0014346 344.7255  15.3022 15.15432447235678
CYGFM02                 
1 41886U 16078C   21077.60388242  .00000559  00000-0  30568-4 0  9994
2 41886  34.9581 150.3269 0015157 340.2334  19.7789 15.15431729235732
CYGFM01                 
1 41887U 16078D   21078.33021015  .00000552  00000-0  30799-4 0  9997
2 41887  34.9526 153.7541 0016527 339.1553  20.8483 15.14719838235782
CYGFM08                 
1 41888U 16078E   21077.58732255  .00000591  00000-0  32499-4 0  9991
2 41888  34.9496 152.9972 0015653 340.9576  19.0549 15.15134954235720
CYGFM06                 
1 41889U 16078F   21077.58381934  .00000595  00000-0  32435-4 0  9990
2 41889  34.9576 149.1457 0014109 339.7000  20.3149 15.15422392235692
CYGFM07                 
1 41890U 16078G   21077.62831134  .00000591  00000-0  32243-4 0  9992
2 41890  34.9515 147.8366 0013836 343.6950  16.3315 15.15421188235697
CYGFM03                 
1 41891U 16078H   21077.62522105  .00000537  00000-0  29472-4 0  9998
2 41891  34.9547 148.1909 0013354 342.0630  17.9609 15.15407247235685
FENGYUN 3D              
1 43010U 17072A   21078.42947224 -.00000002  00000-0  20043-4 0  9993
2 43010  98.7810  21.0234 0002114  38.1737 321.9584 14.19763293173213
NOAA 20                 
1 43013U 17073A   21078.38607927  .00000010  00000-0  25305-4 0  9999
2 43013  98.7132  18.4340 0000804  84.0667 276.0601 14.19538842172665
GOES 17                 
1 43226U 18022A   21077.63190447  .00000096  00000-0  00000-0 0  9996
2 43226   0.0603 296.6412 0000414  77.0785 252.9465  1.00273383 11193
FENGYUN 2H              
1 43491U 18050A   21078.20188222 -.00000129  00000-0  00000+0 0  9990
2 43491   0.0793 181.1028 0002840 309.7747 197.9166  1.00274855 10297
METOP-C                 
1 43689U 18087A   21078.38048600 -.00000010  00000-0  15294-4 0  9998
2 43689  98.6973 140.1333 0001320 276.0051  84.0976 14.21493875122650
GEO-KOMPSAT-2A          
1 43823U 18100A   21077.92923167 -.00000345  00000-0  00000+0 0  9998
2 43823   0.0547 332.0829 0001440 333.9198 333.4497  1.00276977  8448
IOD-1 GEMS              
1 44385U 98067QK  21078.20647358  .00324539  52633-4  81201-3 0  9991
2 44385  51.6311  11.2824 0004618 176.0230 184.0816 15.95198571 97633
METEOR-M2 2             
1 44387U 19038A   21077.95155873 -.00000044  00000-0  25387-7 0  9998
2 44387  98.6595  39.0981 0001869 119.5999 240.5368 14.23686173 88596
