APRIZESAT 2             
1 28366U 04025A   21078.24798539  .00000002  00000-0  14642-4 0  9994
2 28366  98.2321 323.8864 0106362 262.8247  96.0838 14.36732002876457
SAUDICOMSAT 1           
1 28369U 04025D   21077.86864027  .00000052  00000-0  24001-4 0  9995
2 28369  98.3781  33.4976 0034481 129.5476 230.8775 14.52605036885704
SAUDICOMSAT 2           
1 28370U 04025E   21077.82910309  .00000054  00000-0  27041-4 0  9997
2 28370  98.4703  31.2337 0056822 303.7204  55.8580 14.47532433882717
APRIZESAT 1             
1 28372U 04025G   21077.86623079  .00000004  00000-0  13180-4 0  9992
2 28372  98.4308  32.0758 0045484 221.9523 137.8183 14.49664072884093
NANOSAT-1               
1 28493U 04049B   21077.87020315  .00000105  00000-0  23993-4 0  9992
2 28493  98.1082 173.6882 0003489 322.2947  37.8016 14.73654172872769
SAUDICOMSAT 7           
1 31119U 07012C   21077.79340691  .00000101  00000-0  29259-4 0  9994
2 31119  98.1315  24.5862 0061331  78.2282 282.5790 14.61846443742135
SAUDICOMSAT 6           
1 31121U 07012E   21077.83890052  .00000067  00000-0  24105-4 0  9999
2 31121  98.1797  19.7540 0076706 169.6367 190.6436 14.58642763740524
SAUDICOMSAT 5           
1 31124U 07012H   21077.84530177  .00000103  00000-0  28790-4 0  9997
2 31124  98.0981  26.7895 0052325  30.8473 329.5786 14.63552550742949
SAUDICOMSAT 3           
1 31125U 07012J   21077.84504623  .00000117  00000-0  30559-4 0  9996
2 31125  98.0615  28.9772 0042897 343.4376  16.5424 14.65325631743785
SAUDICOMSAT 4           
1 31127U 07012L   21077.81399010  .00000084  00000-0  26573-4 0  9991
2 31127  98.1568  22.7026 0069081 121.2045 239.5950 14.60359564741379
APRIZESAT 4             
1 35684U 09041D   21078.19580629  .00000108  00000-0  22081-4 0  9994
2 35684  98.3041  71.4302 0047402  13.2684 346.9760 14.79346655627809
APRIZESAT 3             
1 35686U 09041F   21077.72929694  .00000123  00000-0  19823-4 0  9990
2 35686  98.1447 148.5621 0071678 233.5104 125.9494 14.87479451630853
AISSAT 1                
1 36797U 10035C   21078.39861540  .00000225  00000-0  32079-4 0  9999
2 36797  98.2054 241.4408 0010574 203.4992 156.5740 14.86452210578967
S-NET D                 
1 43186U 18014G   21078.18861748 -.00000197  00000-0 -12055-4 0  9993
2 43186  97.6830 347.3749 0011820  30.2663 329.9239 14.96994881170796
S-NET B                 
1 43187U 18014H   21078.32219020 -.00000193  00000-0 -11726-4 0  9990
2 43187  97.6826 347.4757 0011792  29.8278 330.3613 14.96994407170815
S-NET A                 
1 43188U 18014J   21078.18848380 -.00000199  00000-0 -12236-4 0  9995
2 43188  97.6830 347.3852 0011817  30.2690 329.9212 14.96993214170799
S-NET C                 
1 43189U 18014K   21077.78791441 -.00000198  00000-0 -12190-4 0  9994
2 43189  97.6827 346.9442 0011841  31.4838 328.7091 14.96993248169281
SALSAT                  
1 46495U 20068K   21077.87766787  .00000459  00000-0  38228-4 0  9992
2 46495  97.6876  15.9547 0018080  25.3497 334.8610 15.03383764 25722
