SI
UNKNOWN                 
1 81014U          21073.82642210  .00061611  00000+0  46789-2 0  9992
2 81014  51.3066 114.5792 2620713 145.0351 235.4582 10.03945345256305
UNKNOWN                 
1 81037U          21077.59261600  .00001892  00000+0  19636-3 0  9992
2 81037  62.2060 134.9280 0223800 331.6368  27.2673 14.77077304951821
UNKNOWN                 
1 81052U          21077.14373311  .00001090  00000+0  39099-3 0  9998
2 81052  65.7835 339.7031 0639764  56.8804 309.1993 13.60592164363502
UNKNOWN                 
1 81069U          21077.42783474  .00001224  00000+0  20745-2 0  9998
2 81069 100.3119 247.6708 0070474 279.3488  79.9679 13.46719225282096
UNKNOWN                 
1 81073U          21077.54545066  .00003919  00000+0  66883-2 0  9995
2 81073  61.7293 190.1420 4703704 190.8869 153.7583  5.83427344499073
UNKNOWN                 
1 81078U          21077.55872644  .00000152  00000+0  57859-2 0  9995
2 81078  65.1100 115.1738 0185155  13.4644 140.2382 11.21738157300506
UNKNOWN                 
1 81111U          21077.37799013  .00051169  00000+0  21904-2 0  9997
2 81111  62.7839  39.2172 4603939 291.0408  26.6137  6.39000192150697
UNKNOWN                 
1 81122U          21076.33420677  .00002558  00000+0  11092-2 0  9996
2 81122  97.6260 111.0594 0277767  53.1049 309.5234 14.06266643330342
UNKNOWN                 
1 81123U 70025    21077.09780176  .00000121  00000+0  17140-3 0  9993
2 81123 100.0034  40.5584 0001766 186.4820 173.6306 13.77361471367754
UNKNOWN                 
1 81134U          21077.63888605 -.00000227  00000+0 -86545-3 0  9991
2 81134  90.2915 322.5681 0024523 235.0777 124.8036 12.92304269239106
UNKNOWN                 
1 81161U          21072.34609967  .00000483  00000+0  58665-3 0  9990
2 81161 100.4106 105.6849 0058627 335.7559  24.0829 13.71511591318000
UNKNOWN                 
1 81182U          21077.61892697  .00309951  00000+0  10321-1 0  9999
2 81182  51.3484 294.2894 0942153 348.6906   9.4080 13.65821108257746
UNKNOWN                 
1 81219U 81053    21077.11867021  .00000263  00000+0  23990-3 0  9997
2 81219  82.9279 222.9383 0021406  48.3252 311.9734 13.79639083368741
UNKNOWN                 
1 81221U          21077.57722138  .00000374  00000+0  19420-3 0  9998
2 81221  98.8498  13.2181 0115597 290.0790  68.7974 14.17317821278589
UNKNOWN                 
1 81228U          21074.39847753  .00001255  00000+0  59740-3 0  9991
2 81228  70.5314 117.6470 0083888  15.9117 344.4610 14.19614372378848
UNKNOWN                 
1 81247U 81053    21077.65550356  .00003531  00000+0  94598-3 0  9990
2 81247  83.2471 205.4871 0031991 248.8199 110.9579 14.47717554385126
UNKNOWN                 
1 81254U 70025    21076.94617808  .00000811  00000+0  66258-3 0  9992
2 81254 100.3994 260.6910 0073439 283.1379  76.1589 13.92052981371468
UNKNOWN                 
1 81264U          21077.10302132  .00001142  00000+0  23717-3 0  9990
2 81264  99.4152  18.5670 0103611 187.0288 172.9461 14.59299259355947
UNKNOWN                 
1 81279U          21077.35743808  .00000216  00000+0  10629-3 0  9991
2 81279  98.0697 263.9544 0223960  23.8621 337.2745 14.13721328217705
UNKNOWN                 
1 81301U          21075.70015372 -.00000038  00000+0  36040-4 0  9991
2 81301  66.7581 107.1419 0096603 312.6381 156.0879 13.75417213368073
UNKNOWN                 
1 81311U 90105    21077.34835025  .00000132  00000+0  40563-4 0  9993
2 81311  98.7162  28.8013 0138603 347.8350 165.9701 14.53031677388074
UNKNOWN                 
1 81317U 80089    21076.30548056  .00000008  00000+0  12173-3 0  9996
2 81317  67.1402  25.2824 0211734 163.7679 349.6053 13.37090153357098
UNKNOWN                 
1 81323U          21075.45092793  .00001323  00000+0  31023-3 0  9991
2 81323  65.7800 335.6972 0494195 129.8194 234.7481 14.02873018867831
UNKNOWN                 
1 81329U          21077.12649913  .00000410  00000+0  19120-3 0  9995
2 81329  65.8219  90.3399 0865844  87.2476 336.7196 13.12752524388330
UNKNOWN                 
1 81338U          21061.10051306  .00245162  00000+0  41285-2 0  9990
2 81338  74.0206 211.7863 0015839   2.5107 357.6182 15.50615088300344
UNKNOWN                 
1 81341U          21076.40585156 -.00005324  00000+0 -14466-1 0  9994
2 81341  99.6051 232.8117 0405765  98.5327 266.1961 12.88216710299944
UNKNOWN                 
1 81342U          21073.44679372  .00001422  00000+0  85407-3 0  9998
2 81342  70.9017 343.2235 0157517  72.1895 289.6334 14.02541409373507
UNKNOWN                 
1 81343U          21076.58633586  .00000513  00000+0  56681-4 0  9997
2 81343  85.8820  25.8366 0008939 296.0997  63.9306 14.85162686196340
UNKNOWN                 
1 81357U          21077.50341750  .00002390  00000+0  23235-3 0  9997
2 81357  97.5279 342.6800 0202227  41.5213 320.1162 14.79332192278282
UNKNOWN                 
1 81359U          21077.13341520  .00000236  00000+0  30676-3 0  9997
2 81359  66.7992 218.0708 0118159  61.1172 300.1694 13.75143188367286
UNKNOWN                 
1 81366U          21077.00797396  .00000290  00000+0  13393-3 0  9994
2 81366  65.8849 182.4473 0747088 190.9198 167.4826 13.38914922834108
UNKNOWN                 
1 81371U          21075.63171482  .00000309  00000+0  76589-4 0  9997
2 81371  98.8371  25.9293 0087146 282.6747  76.4718 14.57602299388759
UNKNOWN                 
1 81374U          21074.86319803  .00001577  00000+0  56942-3 0  9993
2 81374  65.7319  34.0246 0053058 333.9843  25.8584 14.35616171334321
UNKNOWN                 
1 81380U          21077.52471247  .00001818  00000+0  60592-3 0  9991
2 81380  99.8665 282.7575 0004139  35.1446 325.0010 14.39089010368723
UNKNOWN                 
1 81386U          21077.62631411  .00000655  00000+0  32631-3 0  9990
2 81386  71.0563  69.8606 0126209 248.8824 109.8771 14.16549520378098
UNKNOWN                 
1 81390U          21076.26613041  .00000852  00000+0  69362-2 0  9992
2 81390 103.0890 189.2772 0173944 286.3898  71.8099 12.34046194286332
UNKNOWN                 
1 81391U          21075.70729486  .00001411  00000+0  63832-3 0  9991
2 81391  81.2052 243.9866 0014126  80.8272 279.4502 14.21538585334248
UNKNOWN                 
1 81392U          21077.24642223  .00000857  00000+0  10592-2 0  9993
2 81392 100.4110 254.5821 0046176  75.4792  97.5260 13.68040603364695
UNKNOWN                 
1 81402U          21077.00842210  .00002150  00000+0  90064-3 0  9998
2 81402  98.7361 100.1892 0008960 134.4310 225.7605 14.27049425198307
UNKNOWN                 
1 81405U          21075.72793495  .00000400  00000+0  36609-3 0  9999
2 81405  99.5555  75.2340 0170011 135.7914 225.6968 13.82746772322023
UNKNOWN                 
1 81406U          21076.23409439  .00000259  00000+0  14375-3 0  9997
2 81406  65.8133  60.5480 0892322   2.1688 358.2823 13.04696930307328
UNKNOWN                 
1 81409U 87068    21075.66702673  .00001976  00000+0  73504-3 0  9997
2 81409  82.6666 222.7173 0060501 306.0701  53.4890 14.30709077380638
UNKNOWN                 
1 81418U          21076.62431242  .00000410  00000+0  89651-3 0  9998
2 81418 100.3098 210.0936 0059966 101.7593 259.0266 13.34819832167890
UNKNOWN                 
1 81425U          21077.21450336  .00001694  00000+0  20871-2 0  9990
2 81425  99.4255 171.7169 0089048 237.0330 122.2229 13.65081553205188
UNKNOWN                 
1 81427U          21074.51248846  .00000037  00000+0  50063-4 0  9991
2 81427  98.8858 343.2171 0087089 209.6063 150.0158 14.03265188308446
UNKNOWN                 
1 81438U          21076.18435574  .00001406  00000+0  24323-2 0  9993
2 81438 100.2605 233.1257 0063879 316.9255  42.6886 13.45232287358475
UNKNOWN                 
1 81439U          21077.14692402  .00000084  00000+0  38357-3 0  9990
2 81439  67.1607 243.3913 0602960 189.5347 169.3795 12.61241469 43552
UNKNOWN                 
1 81449U 85042    21077.40527487  .00001361  00000+0  49641-3 0  9996
2 81449  66.8069 336.0816 0057199  13.6883 346.5753 14.35141634382514
UNKNOWN                 
1 81478U          21077.54892178  .00000566  00000+0  27983-3 0  9997
2 81478  99.0969 298.4704 0170370 254.6767 135.0441 14.14262797377537
UNKNOWN                 
1 81488U 75052    21077.28113517  .00000038  00000+0  12214-3 0  9996
2 81488 100.1117 249.5714 0043983 320.3090 164.2828 13.55426758362129
UNKNOWN                 
1 81497U          21077.51939227  .00001064  00000+0  13268-2 0  9996
2 81497 100.2937 177.1703 0030321  73.5139 298.5863 13.67075118978785
UNKNOWN                 
1 81499U          21076.25023967  .00000431  00000+0  15688-3 0  9999
2 81499  74.0553 177.2249 0003958 296.3662  63.7085 14.36183010233181
UNKNOWN                 
1 81509U          21076.17862046  .00007551  00000+0  17253-2 0  9990
2 81509  98.7742 232.0217 0030350 152.5764 207.7041 14.55736132212575
UNKNOWN                 
1 81521U          21077.11140223  .00002953  00000+0  60511-3 0  9992
2 81521  99.7022 187.8565 0012000 238.3025 244.7692 14.61664666387934
UNKNOWN                 
1 81535U          21077.37899386  .00000219  00000+0  11365-3 0  9992
2 81535  98.1407 298.4560 0253304  91.4750 271.5450 14.07408818143621
UNKNOWN                 
1 81536U 73086    21077.25099450  .00000171  00000+0  13611-2 0  9990
2 81536 102.0301 251.9381 0026410 324.3178 210.1758 12.53852448334783
UNKNOWN                 
1 81537U 93016    21077.27953626  .00000027  00000+0  43955-4 0  9998
2 81537  71.0385  83.7074 0081151 237.5241 121.8014 14.05603092377205
UNKNOWN                 
1 81545U          21075.74947282  .03989180  00000+0  68222-1 0  9999
2 81545  99.6838   2.4755 0029916 117.5601 242.8686 15.46937094174713
UNKNOWN                 
1 81546U          21074.32749284  .00002988  00000+0  34368-3 0  9990
2 81546  66.8063  93.8777 0024241 317.6342  42.2914 14.87132561871630
UNKNOWN                 
1 81552U          21075.63030180  .00001673  00000+0  37508-2 0  9998
2 81552  99.0468 226.2137 0269586 202.6987 156.2024 13.15873484351320
UNKNOWN                 
1 81564U          21071.90840328  .00001793  00000+0  79025-3 0  9994
2 81564  81.1852 295.6375 0037847 351.6257   8.4284 14.22676519318401
UNKNOWN                 
1 81569U 95015    21077.40534315  .00000030  00000+0 -23593-3 0  9999
2 81569  28.0775 337.1087 0317046 272.5261  83.9000 12.46226500336825
UNKNOWN                 
1 81579U          21077.32741318  .00004351  00000+0  28409-2 0  9993
2 81579 100.1014  29.7713 0225994 132.5278 229.5208 13.91160811369273
UNKNOWN                 
1 81599U          21076.67786529  .00000035  00000+0  17525-3 0  9998
2 81599  67.2970  55.9325 0262714 246.2535 291.5689 13.28984246354888
UNKNOWN                 
1 81605U          21074.95177975 -.00001079  00000+0 -42855-2 0  9998
2 81605  56.4405  60.6632 0128611 322.3953  36.8030 12.77508990296583
UNKNOWN                 
1 81614U 76077    21077.14857856 -.00005341  00000+0 -38609-1 0  9999
2 81614 101.4515 141.2971 0425956  85.7855 279.1745 12.19704318325790
UNKNOWN                 
1 81615U 92021    21077.40588513  .00000265  00000+0  12643-3 0  9997
2 81615  65.8289  89.6544 0829129 209.0652 146.1735 13.23033679353265
UNKNOWN                 
1 81617U 73086    21077.56621613  .00000034  00000+0  46607-3 0  9996
2 81617 101.3548 305.4508 0039799  49.4584 310.9947 12.56154736335771
UNKNOWN                 
1 81624U          21077.64017023  .00000592  00000+0  16349-3 0  9992
2 81624  66.9915 165.1559 0095530 218.4435 140.9846 14.51264653387557
UNKNOWN                 
1 81626U          21077.57739159  .00005093  00000+0  11937-2 0  9995
2 81626  71.0052 160.8809 0020374 189.0843 170.9935 14.54867667375240
UNKNOWN                 
1 81634U          21077.57092561  .00146023  00000+0  43881-2 0  9995
2 81634  51.7242 191.1291 0954426  88.3030 282.6804 13.65467433275131
UNKNOWN                 
1 81640U          21077.39679000  .00000074  00000+0  12273-3 0  9998
2 81640  65.8266  63.3024 0985010  57.7366 311.5259 12.55423675292750
UNKNOWN                 
1 81652U 76077    21077.61028323 -.00000063  00000+0  74631-6 0  9997
2 81652 102.1649 310.5959 0381809 254.6185 132.0673 13.41312478346491
UNKNOWN                 
1 81661U          21077.48850194  .00002173  00000+0  62041-3 0  9996
2 81661  98.4310 353.6850 0071788  75.3924 285.5214 14.44651214284003
UNKNOWN                 
1 81667U          21077.49089892  .00000410  00000+0  14602-3 0  9994
2 81667  74.0469 357.5102 0017270   1.1851 358.9340 14.37309515207410
UNKNOWN                 
1 81674U          21077.21847400  .00000267  00000+0  21400-3 0  9993
2 81674  66.8270  19.5144 0028204  19.4780  47.3641 14.05019386370299
UNKNOWN                 
1 81678U          21075.46144372  .00002670  00000+0  39671-3 0  9999
2 81678  65.8330 145.0539 0066621 281.2124  90.2438 14.75408008391180
UNKNOWN                 
1 81683U          21077.34217759  .00000323  00000+0  90489-4 0  9992
2 81683  81.2210 293.0261 0031188 112.1361 248.3144 14.43698215385387
UNKNOWN                 
1 81693U 73086    21077.40992545  .00001101  00000+0  85203-2 0  9998
2 81693 101.1075 313.3571 0367023  96.6234 267.6731 12.22974075756030
UNKNOWN                 
1 81696U          21077.05180108  .00001318  00000+0  13636-3 0  9994
2 81696  97.4377  21.4934 0219296 225.3231 132.9929 14.75651948256007
UNKNOWN                 
1 81721U          21077.00492257  .00005590  00000+0  14487-2 0  9999
2 81721  98.1483 158.2022 0351011  65.7629 297.9804 14.19184180285315
UNKNOWN                 
1 81732U          21077.31866090  .00003195  00000+0  39357-3 0  9998
2 81732  65.7371  65.2989 0264216  62.8581 299.9203 14.62841682388681
UNKNOWN                 
1 81745U          21077.62850786  .00000404  00000+0  17521-3 0  9990
2 81745  71.0044 173.3191 0005309  10.2781  53.2002 14.30115085381770
UNKNOWN                 
1 81749U          21066.93765256  .00000275  00000+0  10610-2 0  9990
2 81749  99.7263 322.8277 0373055  56.2555   5.7181 12.76933233339779
UNKNOWN                 
1 81766U          21067.86325296  .00001246  00000+0  61251-3 0  9995
2 81766  81.1998 274.3825 0010796 214.3898 145.6579 14.17137649312708
UNKNOWN                 
1 81775U          21077.54044213  .00000904  00000+0  41886-3 0  9990
2 81775  82.9317 184.5055 0024929 108.1961 252.1937 14.19652859378579
UNKNOWN                 
1 81792U          21077.46366701  .00000195  00000+0  10335-3 0  9996
2 81792  65.8286 355.0913 0923615 327.4197  27.2901 13.04051579349090
UNKNOWN                 
1 81794U          21077.42586653  .00004370  00000+0  61602-3 0  9996
2 81794  81.1872 142.1573 0009545 167.5494 192.5951 14.77098526392409
UNKNOWN                 
1 81795U          21077.14448310  .00074394  00000+0  37149-2 0  9994
2 81795   6.3544  30.8317 1522416 284.0687  59.5381 12.34830355236682
UNKNOWN                 
1 81798U          21077.60787834  .00002919  00000+0  71779-3 0  9997
2 81798  74.0161 153.5728 0050013 296.0102  63.5913 14.51994381335209
UNKNOWN                 
1 81812U          21077.42891221  .00011644  00000+0  85901-1 0  9995
2 81812 103.7474 145.7927 0315468 262.4794  94.0317 12.28622096327503
UNKNOWN                 
1 81813U          21075.68507062  .00000740  00000+0  23141-3 0  9994
2 81813  99.0857 247.8121 0018190 227.6444 132.3204 14.43849211384865
UNKNOWN                 
1 81816U 77121    21077.16508397  .00000165  00000+0  19436-3 0  9995
2 81816  66.2383 264.8590 0181453 174.7983 185.5031 13.83724350369534
UNKNOWN                 
1 81817U          21077.26945723  .00001610  00000+0  18748-3 0  9998
2 81817  65.7288  14.1182 0321661 206.3975 152.0435 14.57934539391486
UNKNOWN                 
1 81818U          21077.34617831  .00000833  00000+0  20403-3 0  9991
2 81818  65.7521 106.9421 0676229   1.0584 359.1726 13.69674020410036
UNKNOWN                 
1 81819U          21076.40670267  .00000607  00000+0  45797-2 0  9991
2 81819 102.2572 129.4343 0036349 108.4927 252.0093 12.44909492332351
UNKNOWN                 
1 81821U          21076.51444262  .00031627 -78324-6  42236-3 0  9994
2 81821  34.0816 165.8383 2228544 227.8144 111.0744 11.06168627370267
UNKNOWN                 
1 81824U          21077.32887043  .00000920  00000+0  49213-3 0  9997
2 81824  65.8497 290.8188 0048791 201.5966 158.3062 14.17413973378270
UNKNOWN                 
1 81833U          21077.43055674  .00000095  00000+0  32265-3 0  9998
2 81833  90.2863 322.5339 0025482 230.2235 129.6639 12.92980704228862
UNKNOWN                 
1 81838U          21077.25923557  .00000650  00000+0  24278-3 0  9999
2 81838  67.7702  13.3922 0036024 231.6036 281.8186 14.37151350383553
UNKNOWN                 
1 81844U          21077.16427726  .00001002  00000+0  50114-3 0  9993
2 81844  82.9244 230.8355 0079172 318.3114  41.2046 14.14322199377155
UNKNOWN                 
1 81845U          21077.61018534  .00000223  00000+0  37712-4 0  9991
2 81845  97.8448 309.3221 0105077 169.0601 221.9461 14.75067517393880
UNKNOWN                 
1 81864U          21076.39202721  .00000084  00000+0  69868-4 0  9991
2 81864  65.6733 125.6582 0787272  37.3044 328.0081 13.25791210320909
UNKNOWN                 
1 81865U 87062    21077.51578007  .00000375  00000+0  32757-3 0  9992
2 81865  82.8038 276.1039 0070557 212.2213 176.9886 13.82279074369145
UNKNOWN                 
1 81872U          21075.02945761  .00026096  00000+0  20505-2 0  9991
2 81872  62.0348 186.8539 1991969 231.1265 109.4767 11.29917568143332
UNKNOWN                 
1 81873U          21076.02183106  .00001042  00000+0  61840-3 0  9992
2 81873  99.1127 109.8197 0071525 277.8824  81.4230 14.08618865324892
UNKNOWN                 
1 81893U 70025    21077.45748520  .00000139  00000+0  20509-3 0  9996
2 81893  99.9947 324.3725 0018518  36.6637 323.5771 13.72266929366479
UNKNOWN                 
1 81899U          21077.61650166  .00001610  00000+0  40555-2 0  9991
2 81899 102.4331 213.7266 0182856 248.4798 109.6726 13.15753732351120
UNKNOWN                 
1 81902U          21076.99518780  .00004657  00000+0  66761-3 0  9993
2 81902  81.6350 175.3181 0298665 195.2471 163.9580 14.50210904385831
UNKNOWN                 
1 81905U          21077.46690073  .00047330  00000+0  20935-2 0  9992
2 81905  61.7445 147.2304 1669559  13.2366 350.7315 12.06841357458249
UNKNOWN                 
1 81921U          21077.38866949 -.00000205  00000+0 -50450-4 0  9997
2 81921  65.7132 349.5621 0878331 127.7138 240.6868 13.07103364801883
UNKNOWN                 
1 81946U 87079    21077.17168265 -.00000085  00000+0 -11110-3 0  9993
2 81946  66.4213 238.3929 0667151 107.6097  59.6454 12.41924878332933
UNKNOWN                 
1 81947U          21077.00413978  .00000730  00000+0  10452-3 0  9992
2 81947  66.0825 214.6837 0454392 105.9398 259.2243 14.31141954382004
UNKNOWN                 
1 81964U          21077.40884445  .00000033  00000+0  83513-4 0  9991
2 81964  66.5840 229.8521 0033121 159.5038 200.7379 13.94410037372708
UNKNOWN                 
1 81969U          21077.21023958  .00000571  00000+0  62999-4 0  9991
2 81969  86.6754 168.0265 0009209 233.3878 126.6500 14.85454709181932
UNKNOWN                 
1 81995U          21077.11038803  .00000316  00000+0  10343-3 0  9996
2 81995  65.7550 228.6574 0589195  66.8163 299.3836 13.81804522363762
UNKNOWN                 
1 82025U          21074.01155514  .00018151  00000+0  20172-2 0  9992
2 82025  74.0266 294.1573 0014245 108.2830 251.9902 14.87082903338007
UNKNOWN                 
1 82039U          21077.40746668  .00002162  00000+0  52280-3 0  9990
2 82039  99.0844  68.9731 0042919 279.1827  80.4513 14.53708180304952
UNKNOWN                 
1 82043U          21077.60788514  .00000261  00000+0  96872-4 0  9997
2 82043  97.9895   5.9641 0261282 190.1921 169.3901 14.22224647327314
UNKNOWN                 
1 82044U          21076.35000398  .00000136  00000+0  19345-3 0  9996
2 82044  99.9573 120.2081 0065811  58.7082 302.0487 13.73932911323907
UNKNOWN                 
1 82051U          21074.93311756  .00000870  00000+0  41861-3 0  9992
2 82051  98.8549 138.3091 0118389 231.5501 127.5003 14.17786379325813
UNKNOWN                 
1 82073U          21077.46379981  .00000417  00000+0  13867-3 0  9993
2 82073  97.7409 322.7758 0244365 104.1307 258.7160 14.26304890327718
UNKNOWN                 
1 82110U          21077.03418662  .00035142  00000+0  47570-2 0  9998
2 82110  51.6209 310.0617 1712378 180.8172 178.9729 11.75555097230587
UNKNOWN                 
1 82112U          21075.70924772  .00001734  00000+0  49112-3 0  9991
2 82112  98.6485 167.4635 0104189 155.9720 204.6382 14.43730180330989
UNKNOWN                 
1 82139U          21077.36207246  .00000786  00000+0  48833-3 0  9999
2 82139  99.1533 108.4302 0093702 205.8424 153.8047 14.05921004236374
UNKNOWN                 
1 82162U          21076.25715930  .00000785  00000+0  14654-2 0  9998
2 82162 100.4070 272.4383 0055746  72.1919 288.5280 13.42169363271313
UNKNOWN                 
1 82168U          21077.33161565  .00003845  00000+0  60771-3 0  9995
2 82168  74.0113 310.6703 0011724  93.5114 266.7400 14.72638300233873
UNKNOWN                 
1 82180U          21077.51920058  .00000620  00000+0  15865-3 0  9991
2 82180  65.6589 269.7294 0484107 352.6454   6.7688 14.05008532355985
UNKNOWN                 
1 82187U          21074.55159158  .00003637  00000+0  71207-3 0  9997
2 82187  70.9403 121.0594 0068543 348.0107  11.9404 14.62027521388886
UNKNOWN                 
1 82189U          21077.42706661  .00000055  00000+0  29146-4 0  9992
2 82189  74.0368 335.7512 0017646 228.8362 131.1269 14.33627351384350
UNKNOWN                 
1 82199U          21077.49985694  .00000192  00000+0  15991-3 0  9999
2 82199  82.9640  91.5997 0035511 262.9826 251.9930 13.83512357370298
UNKNOWN                 
1 82205U          21076.34615196  .00000602  00000+0  13300-3 0  9995
2 82205  62.9919  63.1344 0663405 128.0576 238.2255 13.79232579368157
UNKNOWN                 
1 82223U          21075.68423589  .00000475  00000+0  32892-3 0  9999
2 82223  99.3684 240.4944 0077024  85.5905 275.4055 14.02758678205369
UNKNOWN                 
1 82250U          21076.56001220  .00001085  00000+0  73653-3 0  9999
2 82250  98.9785 346.0694 0087052 346.6240 135.4803 14.00478918373496
UNKNOWN                 
1 82272U          21077.40197946  .00000070  00000+0  36771-3 0  9991
2 82272  67.5234  89.4083 0751365 132.2464 234.4826 12.31906387 58687
UNKNOWN                 
1 82284U          21077.59211078  .00001611  00000+0  65901-3 0  9996
2 82284  99.5568 202.6285 0103975   2.5613 357.6075 14.25950176423928
UNKNOWN                 
1 82285U          21076.09113435  .00003207  00000+0  31616-2 0  9997
2 82285 101.9920 128.0151 0365902 193.9452 165.1352 13.53746724360290
UNKNOWN                 
1 82295U          21076.13926805  .00000290  00000+0  14443-3 0  9995
2 82295  66.6250 356.3080 0133707 358.4578   1.6085 14.25653360332530
UNKNOWN                 
1 82298U          21076.96801853  .00001503  00000+0  80621-3 0  9993
2 82298  99.0638 158.9239 0066892 195.8120 164.0964 14.13462401320371
UNKNOWN                 
1 82303U          21077.38687594  .00002420  00000+0  54328-2 0  9994
2 82303  81.9819 311.6523 0093377 356.8140 126.3219 13.25014571281791
UNKNOWN                 
1 82311U          21077.22412626  .00000297  00000+0  49952-3 0  9996
2 82311  99.5023 183.9301 0109424 335.5930  24.0047 13.51779729316310
UNKNOWN                 
1 82314U          21076.08796114  .00005804  00000+0  26609-3 0  9992
2 82314  99.2255 127.4392 0209583 117.3226 244.9502 15.03522785280777
UNKNOWN                 
1 82320U          21074.70673397  .00000656  00000+0  25220-3 0  9991
2 82320  99.8569  67.7144 0161776 134.3075 227.1500 14.27518788380507
UNKNOWN                 
1 82322U          21077.61956739  .00001470  00000+0  37109-3 0  9994
2 82322  98.5955 138.7547 0077368 337.4460  22.3340 14.50866162313160
UNKNOWN                 
1 82348U          21075.79045803  .00000071  00000+0  99681-4 0  9990
2 82348  63.7889   1.3010 3239169 301.8702  30.6483  8.38701990221898
UNKNOWN                 
1 82363U          21077.31945587 -.00000492  00000+0 -68517-3 0  9997
2 82363  66.9380 292.1294 0461158 189.0728 170.1766 13.13714987 62836
UNKNOWN                 
1 82369U 99025    21076.35030146 -.00000158  00000+0 -79455-4 0  9990
2 82369  99.0614 110.7809 0085211  67.2966 293.7177 13.96987815315358
UNKNOWN                 
1 82381U          21077.30515488  .00001178  00000+0  39967-3 0  9996
2 82381  98.4992 273.1187 0017678  24.0844 336.1167 14.38428134259927
UNKNOWN                 
1 82383U          21077.56013552  .00002774  00000+0  40971-3 0  9991
2 82383  98.2966 117.7144 0007349  86.3248 273.8800 14.76083229290657
UNKNOWN                 
1 82402U          21077.25954472  .00000482  00000+0  53049-4 0  9999
2 82402  86.6755 168.1256 0009239 234.7815 125.2545 14.85235528196606
UNKNOWN                 
1 82410U          21075.51022545  .00000077  00000+0  15472-3 0  9999
2 82410  66.6579 171.5779 0055524  93.4970 267.2453 13.76041143348325
UNKNOWN                 
1 82428U          21077.57429111  .00007836  00000+0  74719-2 0  9994
2 82428  63.1797 284.3505 0137937  35.4951 325.5171 13.77028927180440
UNKNOWN                 
1 82432U 93036    21076.56646866  .00000246  00000+0  68753-4 0  9997
2 82432  74.0119  14.1557 0065303 239.3596 120.1117 14.50404287231420
UNKNOWN                 
1 82448U          21077.30242785  .00000517  00000+0  57104-4 0  9997
2 82448  85.8821  25.4317 0008904 292.8982  67.1301 14.85189927179170
UNKNOWN                 
1 82451U          21077.00282568  .00002780  00000+0  31582-3 0  9996
2 82451  66.5371 177.1400 0299162 322.3181  35.7301 14.60759243878316
UNKNOWN                 
1 82453U          21077.11802060  .00000007  00000+0  38200-3 0  9999
2 82453 101.9345  31.3767 0093816 175.4335 184.7604 12.39508916331628
UNKNOWN                 
1 82458U          21073.39439955  .00000567  00000+0  36771-3 0  9991
2 82458  66.5130 316.0952 0059900  84.4544 276.3370 14.09142472364834
UNKNOWN                 
1 82464U          21077.34603469  .00001547  00000+0  47363-3 0  9998
2 82464  70.9994 293.7926 0083609 305.1268 228.8913 14.41392208383813
UNKNOWN                 
1 82475U          21077.02587673  .00000750  00000+0  47317-3 0  9997
2 82475  99.1536 110.6593 0106900 237.8122 121.2643 14.04603764302725
UNKNOWN                 
1 82484U          21077.47708151 -.00000056  00000+0 -18491-4 0  9995
2 82484  99.5614 150.2352 0044678 243.1687 116.4878 13.55066155356242
UNKNOWN                 
1 82494U 93036    21077.29050332  .00000837  00000+0  22687-3 0  9994
2 82494  74.0200  86.5285 0015529 275.8906  84.0483 14.49177025231165
UNKNOWN                 
1 82500U          21077.50448049  .00000565  00000+0  35205-3 0  9999
2 82500  70.9742   8.6179 0146604 192.0001 167.7611 14.03924553375225
UNKNOWN                 
1 82517U          21077.51517286  .00002292  00000+0  68898-3 0  9991
2 82517  86.3878 100.2141 0022700 186.0356 174.0575 14.42141772173276
UNKNOWN                 
1 82524U          21077.54974970  .00000924  00000+0  42754-3 0  9992
2 82524  73.2922 186.0035 0176707  24.3889 347.6720 14.14528571331210
UNKNOWN                 
1 82526U          21076.31585937  .00001218  00000+0  80835-3 0  9998
2 82526  99.2384 113.3022 0106952  63.6570 297.5530 14.00610495278853
UNKNOWN                 
1 82529U          21077.27868145  .00000295  00000+0  53175-3 0  9993
2 82529  99.7609 198.4022 0245490 129.9219 264.5527 13.38402237358067
UNKNOWN                 
1 82545U          21076.29050319 -.00000050  00000+0 -19904-3 0  9991
2 82545  64.8816 100.3408 0186431 264.2338  93.7306 11.30778784243133
UNKNOWN                 
1 82560U          21077.19088678  .00000345  00000+0  34710-3 0  9994
2 82560 100.0207 237.5943 0011628 161.0414  14.8027 13.85312290371918
UNKNOWN                 
1 82561U          21075.35012360  .00000877  00000+0  34961-3 0  9994
2 82561  63.1218 105.9134 0465111 334.2983  34.9910 13.88344220370267
UNKNOWN                 
1 82597U          21075.74900131  .00000297  00000+0  14488-3 0  9996
2 82597  66.7755 352.2663 0099288 154.6517 205.9501 14.28246711381180
UNKNOWN                 
1 82616U          21077.55513700  .00002876  00000+0  38351-3 0  9991
2 82616  97.3002 185.5717 0099234 249.9023 109.1488 14.76924612309517
UNKNOWN                 
1 82617U          21077.14029766  .00000108  00000+0  37709-4 0  9994
2 82617  74.0271 241.2716 0041706 251.8697 107.7917 14.46235327386440
UNKNOWN                 
1 82627U          21077.35223292  .00000278  00000+0  72643-3 0  9991
2 82627  82.4792  39.0563 0012823  79.7489  73.4266 13.13593677351456
UNKNOWN                 
1 82629U          21075.83835995  .00001992  00000+0  71167-3 0  9997
2 82629  81.1749 123.6773 0025341 199.9427 160.0769 14.33642149333278
UNKNOWN                 
1 82637U          21072.30058383  .00002994  00000+0  81895-3 0  9995
2 82637  99.5307 253.3904 0032183 280.5042  79.2521 14.47806845252737
UNKNOWN                 
1 82642U          21077.47382357  .00000589  00000+0  40119-3 0  9997
2 82642  99.0204 349.5786 0142314 357.8206   2.2321 13.99118030373677
UNKNOWN                 
1 82683U 99057    21077.46734811  .00000211  00000+0  10368-3 0  9992
2 82683  98.0953 268.8490 0228595  30.5630 330.8638 14.13539282217401
UNKNOWN                 
1 82693U          21077.15847589  .00000777  00000+0  11075-2 0  9998
2 82693 100.5252 238.9317 0040756 327.2663  32.5949 13.59827144317916
UNKNOWN                 
1 82698U          21077.42175957  .00000447  00000+0  31185-3 0  9995
2 82698  61.6070  66.7380 0736782  23.4207 339.8610 13.21366060309219
UNKNOWN                 
1 82708U          21077.53494076  .00000304  00000+0  14070-2 0  9990
2 82708 102.1589 101.9126 0065451 167.6632 192.6078 12.87037641300695
UNKNOWN                 
1 82728U          21076.68693326  .00013789  00000+0  44863-2 0  9990
2 82728 100.1545 226.0707 0151475 356.2975   3.7071 14.32556821849016
UNKNOWN                 
1 82729U          21077.21332528 -.00000037  00000+0  11727-4 0  9993
2 82729  67.9513 252.6553 0832797 112.0536 257.0991 12.15906551324684
UNKNOWN                 
1 82737U          21077.29433091  .00004166  00000+0  60156-2 0  9991
2 82737 102.8175  98.0235 0307789 322.3755  35.6182 13.38783498312208
UNKNOWN                 
1 82739U          21077.52445257  .00000408  00000+0  40770-3 0  9992
2 82739  99.0696 291.4393 0184851 221.9222 170.1280 13.76263118367708
UNKNOWN                 
1 82741U          21077.49956681  .00000671  00000+0  91028-3 0  9993
2 82741 102.8788 275.8952 0211146 141.4262 220.2164 13.56264717361875
UNKNOWN                 
1 82742U          21073.91461798  .00001810  00000+0  81673-3 0  9998
2 82742  99.5770 120.9373 0054757 291.6465  67.8884 14.22817922296015
UNKNOWN                 
1 82748U          21076.48144634  .00024967  00000+0  56922-2 0  9992
2 82748 102.7738 268.5191 0022829 211.6635 148.3172 14.55653788302326
UNKNOWN                 
1 82755U          21076.07386713  .00003510  00000+0  62704-3 0  9998
2 82755  99.8084 127.4466 0004093 147.6572 212.4878 14.67764738389729
UNKNOWN                 
1 82778U          21071.02770087  .00285702 -28161-4  20466-4 0  9993
2 82778   6.9580 138.9365 0525640 208.9014   1.4967 15.24410202    01
UNKNOWN                 
1 82783U          21077.47156387  .00000205  00000+0  59774-3 0  9997
2 82783  90.3238 346.7392 0024135  67.0402 293.3267 13.06579683278224
UNKNOWN                 
1 82785U          21072.26691907  .00002186  00000+0  43073-3 0  9998
2 82785  63.1267  69.8602 0365737  21.3221 350.2479 14.30425625380957
UNKNOWN                 
1 82820U          21076.27118891  .00000684  00000+0  33389-3 0  9999
2 82820  99.7781  16.2643 0058499 202.6352 157.2240 14.21012471378912
UNKNOWN                 
1 82829U          21077.63064769  .00000055  00000+0  26892-2 0  9995
2 82829  65.1012 315.5493 0174787 353.0665  31.9229 11.28920867290762
UNKNOWN                 
1 82854U          21076.42390651  .00000956  00000-0  83233-3 0  9995
2 82854  82.6931 332.4988 0135122 114.1006 247.4355 13.80916270840753
UNKNOWN                 
1 82873U          21077.26346171  .00000705  00000+0  41968-3 0  9997
2 82873 100.0221  99.6606 0045771 350.7101   9.3214 14.10839519376368
UNKNOWN                 
1 82875U          21077.27676431  .00000156  00000+0  56555-4 0  9994
2 82875  98.6264  99.2401 0393767 192.9865 166.0934 14.10773356300208
UNKNOWN                 
1 82893U          21077.51610868  .00001215  00000+0  74746-3 0  9991
2 82893  98.9789 162.4934 0033993 267.4014  92.3263 14.07213928179247
UNKNOWN                 
1 82912U          21077.57761084  .00000937  00000+0  44352-3 0  9996
2 82912  65.8374 146.7001 0830657 332.5863  23.3548 13.14819610351069
UNKNOWN                 
1 82915U          21077.14870583  .00003709  00000+0  63263-3 0  9999
2 82915  74.0230  14.5506 0024885 126.1075 234.2404 14.69154345227869
UNKNOWN                 
1 82939U          21077.44232142 -.00000503  00000+0 -33720-1 0  9995
2 82939  86.2525 343.6131 1898044 188.8271 167.4129  8.75977125234304
UNKNOWN                 
1 82959U          21072.02336294  .00000205  00000+0  14671-3 0  9992
2 82959 100.0718   6.4735 0052812 294.0912  65.4735 14.09534860298977
UNKNOWN                 
1 82961U          21077.25588359  .00003898  00000+0  80606-2 0  9997
2 82961  99.5934   4.3447 0534326 351.7572   7.5009 12.89456999330517
UNKNOWN                 
1 82965U 70025    21076.44494382  .00000439  00000+0  70024-3 0  9999
2 82965 100.2212  76.4910 0001465 114.5821 245.5468 13.55604201289566
UNKNOWN                 
1 82991U          21074.56121532  .00003734  00000+0  68140-3 0  9996
2 82991  86.3211   4.3818 0025946 274.5804  85.2445 14.65540006230714
UNKNOWN                 
1 83903U          21077.49602052 -.00000329  00000+0  00000+0 0  9991
2 83903  10.3025 308.4976 0130051 199.6389 322.6128  0.99113309 26511
UNKNOWN                 
1 83934U          21077.18590918 -.00000280  00000+0  00000+0 0  9994
2 83934   9.5682 313.5094 0219453 220.0671 349.8645  1.02662066 27519
UNKNOWN                 
1 83952U          21075.01655412  .00000136  00000+0  14035-2 0  9990
2 83952  20.7921 299.8686 7156071 215.6291  63.3560  2.31929361 43805
UNKNOWN                 
1 83970U          21077.22650839  .00004532  00000+0  18980-2 0  9990
2 83970  18.3633 346.2000 5263456 187.7703 158.8818  5.11775488105856
UNKNOWN                 
1 83975U          21074.74082845 -.00000070  00000+0  00000+0 0  9990
2 83975  18.6115 234.3831 7038520  83.9047 345.4860  2.15334732 45016
UNKNOWN                 
1 84006U          21077.25916475 -.00000158  00000+0  00000+0 0  9997
2 84006  22.8961 150.7074 6084614 198.7709 122.0264  2.16232727 46797
UNKNOWN                 
1 84026U          21077.02453771  .00003824  00000+0  23229-2 0  9992
2 84026  21.9117 340.9899 6195815 238.9128  46.1667  3.69720767 61490
UNKNOWN                 
1 84071U          21077.03102873  .00001182  00000+0  89114-3 0  9998
2 84071  20.6710 113.8799 7001092 193.1984 128.7681  2.60428228 58000
UNKNOWN                 
1 84079U          21076.71269971  .00001088  00000+0  10773-2 0  9992
2 84079  62.7463 133.4173 4010807 158.4334 224.9581  7.06058591181921
UNKNOWN                 
1 84136U          21075.91228431  .00053576  00000+0  37595-2 0  9993
2 84136  51.4204  31.9029 2097990 282.8041  54.7766 11.10219767314452
UNKNOWN                 
1 84170U          21077.14455823  .00001206  00000+0  75198-3 0  9990
2 84170  21.2065  60.4984 6998381 193.1962 128.8656  2.61741136 47541
UNKNOWN                 
1 84188U          21073.70772106  .00034945  00000+0  51606-1 0  9995
2 84188  64.9237 226.3253 4976776 148.1207 255.2643  5.42683041137331
UNKNOWN                 
1 84197U          21077.00918038  .00002632  00000+0  21869-2 0  9995
2 84197  20.3386  79.1291 6083789 205.1945 105.1792  3.83515071 70699
UNKNOWN                 
1 84232U 79104    21067.12225850  .00009995  00000+0  86837-2 0  9996
2 84232  20.5122  85.0834 6916239 255.4037  24.2951  2.70563349 54273
UNKNOWN                 
1 84249U          21073.02959972  .00011536  00000+0  41460-2 0  9995
2 84249  64.4110  81.4446 5721567   6.9891 358.4452  4.42196612 72047
UNKNOWN                 
1 84277U          21072.47902602  .00005259  00000+0  65002-2 0  9995
2 84277  65.1996  25.4260 5421355 328.5308   8.1189  4.77053468 69005
UNKNOWN                 
1 84292U          21077.24625457  .00011790  00000+0  13792-2 0  9998
2 84292  23.9202 309.4864 4919464 185.8258 165.1836  5.78008060123867
UNKNOWN                 
1 84342U          21077.00308511  .00006875  00000+0  26938-2 0  9991
2 84342  21.8498 327.8167 5788889 151.6115 258.4099  4.31649221 70132
UNKNOWN                 
1 84346U          21077.08960773  .00003631  00000+0  73439-3 0  9993
2 84346  21.1428   1.4567 6930466 305.0771   8.3414  2.73882202 37234
UNKNOWN                 
1 84353U          21074.91807758 -.00000018  00000+0  00000+0 0  9990
2 84353  19.7324  17.4887 6698947  92.4618 339.5440  2.03729908 32794
UNKNOWN                 
1 84407U          21067.55903527 -.00000361  00000+0 -71602-2 0  9994
2 84407  19.1091 122.8611 7220348 192.2195 129.6810  2.05677799 40049
UNKNOWN                 
1 84415U          21075.62915492  .00117508  00000+0  84107-2 0  9998
2 84415  23.7429 250.8300 5516177 120.5297 305.0584  4.83773622 83870
UNKNOWN                 
1 84434U          21076.71606921  .00000049  00000+0  77826-3 0  9996
2 84434  20.2220 277.7747 7152238 268.6308  16.0079  2.33781475 45142
UNKNOWN                 
1 84452U          21077.41165785  .00003158  00000+0  54148-3 0  9998
2 84452   2.8903  43.6422 6358424  49.6117 350.5515  3.52818870 89270
UNKNOWN                 
1 84479U          21074.94339680  .00374295  00000+0  16937-1 0  9994
2 84479  23.5508 352.2755 4765002   8.6147 357.3081  6.10743195 66191
UNKNOWN                 
1 84480U          21077.57916345  .00003373  00000+0  16473-2 0  9999
2 84480  45.8962 222.9107 4553344 138.8661 266.3981  6.25298231149258
UNKNOWN                 
1 84588U          21076.91311334  .00001577  00000+0  78244-3 0  9991
2 84588   2.0432 232.2194 7041251 279.3807  13.3661  2.56777717 62316
UNKNOWN                 
1 84597U          21074.69255721  .00000026  00000+0  60419-3 0  9994
2 84597  18.8884 307.1701 7277521 163.6972 246.2694  2.17699252 30667
UNKNOWN                 
1 84911U          21077.45488258 -.00000668  00000+0 -58911-2 0  9991
2 84911   1.5545 213.4205 6582362 132.4531 266.5877  2.95846507 79309
UNKNOWN                 
1 84932U          21077.55723911  .00000240  00000+0  27947-2 0  9992
2 84932   2.4339  78.8925 6558199  21.3660  94.3035  2.98865187 79957
UNKNOWN                 
1 84950U          21077.45737502 -.00000404  00000+0  00000+0 0  9993
2 84950   1.4543 161.0196 6963128 329.6025  37.7067  2.04197066 54634
UNKNOWN                 
1 84961U          21074.31788526 -.00000170  00000+0  00000+0 0  9999
2 84961   9.6789 302.4739 0126940 220.4447 138.4940  0.98638996 26355
UNKNOWN                 
1 85001U          21076.05527290  .00015292  00000+0  20157-2 0  9995
2 85001  51.4437 322.4640 2821912 225.2878 108.0674  9.55990998263426
UNKNOWN                 
1 85004U          21077.48719453  .00000169  00000+0  71773-4 0  9999
2 85004  98.2564  81.8699 0050070 310.8989 202.0421 14.35820128383430
UNKNOWN                 
1 85010U          21076.15498806  .00000404  00000+0  50151-3 0  9993
2 85010  99.3885 324.9588 0027724  91.4292  61.3158 13.70717930366395
UNKNOWN                 
1 85011U          21077.54483397  .00004952  00000+0  21053-2 0  9997
2 85011  70.9795 189.4438 0010910 280.6654  79.3245 14.25678426176091
UNKNOWN                 
1 85015U          21074.36596908  .00000077  00000+0  22435-4 0  9992
2 85015  74.0468 106.3684 0013354 100.0160 260.2513 14.59680818389539
UNKNOWN                 
1 85023U          21077.22587899  .00001666  00000+0  72001-3 0  9996
2 85023  99.8582 176.0545 0004914 203.0516 186.6255 14.26039058379981
UNKNOWN                 
1 85027U          21077.27458436  .00000014  00000+0  89838-4 0  9992
2 85027  66.0443  14.9106 0173951  25.4881 335.4633 13.73299429366935
UNKNOWN                 
1 85047U          21077.25104799  .00003892  00000+0  10396-1 0  9999
2 85047 102.1014  90.2049 0222071 119.1796 243.1721 13.07744123348127
UNKNOWN                 
1 85061U          21077.43010578  .00001333  00000+0  62668-2 0  9994
2 85061 102.4155 257.6953 0314946 270.7834 115.3657 12.63629742336333
UNKNOWN                 
1 85100U          21077.02927836  .00000077  00000+0  33682-4 0  9997
2 85100  74.0478 176.1779 0011548 116.8538  57.0249 14.38838422384303
UNKNOWN                 
1 85106U          21076.81516299  .00000251  00000+0  34009-3 0  9993
2 85106 100.1530  66.1436 0010866  84.9148  34.0752 13.70331661365818
UNKNOWN                 
1 85111U 73086    21074.38121968  .00000119  00000+0  10595-2 0  9994
2 85111 101.6140  51.0322 0012634  73.7746 286.4714 12.50853227249129
UNKNOWN                 
1 85117U          21075.75072012  .00004188  00000+0  56032-3 0  9990
2 85117  70.0323 104.2373 0068365 193.9928 165.9330 14.78579185341424
UNKNOWN                 
1 85124U          21077.39221039  .00006176  00000+0  96395-3 0  9990
2 85124  82.2395 133.7983 0387573 267.7252  87.9521 14.32980047220047
UNKNOWN                 
1 85133U          21076.91173903  .00000929  00000+0  43016-3 0  9995
2 85133  98.8936 130.4710 0026056 255.0179 104.8114 14.23119478284271
UNKNOWN                 
1 85151U 86019    21077.48975069  .00001129  00000+0  38832-3 0  9998
2 85151  98.5071 273.6198 0016053  11.5033 348.6517 14.37850130228824
UNKNOWN                 
1 85159U          21077.53181200  .00001605  00000+0  85237-3 0  9994
2 85159  98.8379 342.4883 0080889 136.7439 224.0123 14.13273468253937
UNKNOWN                 
1 85175U          21077.17900610  .00002806  00000+0  61532-3 0  9992
2 85175 101.3743 240.1815 0154102 153.2618 207.6617 14.51812490371686
UNKNOWN                 
1 85205U          21076.96744507  .00000098  00000+0  83532-4 0  9999
2 85205  82.9585 159.0140 0038407  90.8606  33.8879 13.76401004368247
UNKNOWN                 
1 85210U 75052    21077.48787832  .00000019  00000+0  63297-4 0  9999
2 85210  99.7835 166.3024 0223458  63.6863 311.0155 13.68180556365336
UNKNOWN                 
1 85217U          21077.35962161  .00000281  00000+0  10197-3 0  9994
2 85217  97.9495 294.9366 0238979 263.7859  93.6053 14.25791990380605
UNKNOWN                 
1 85220U          21077.20106992  .00002515  00000+0  74471-3 0  9991
2 85220  99.3974 219.1712 0174223 331.7683  27.4139 14.36020203382340
UNKNOWN                 
1 85237U          21077.13879021  .00000905  00000+0  25615-3 0  9998
2 85237  65.5449 338.8203 0590805  80.0095 286.7080 13.79736758368291
UNKNOWN                 
1 85238U          21077.18359091 -.00000012  00000+0  24122-4 0  9997
2 85238  98.8532  52.9705 0063039 211.5953 205.4755 13.87937293370750
UNKNOWN                 
1 85246U          21077.61408264  .00000202  00000+0  95212-4 0  9999
2 85246  98.0388 220.2869 0238833 327.5925  31.0769 14.15406067377931
UNKNOWN                 
1 85266U          21076.95680741  .00002083  00000+0  16359-2 0  9991
2 85266  62.7553 290.4232 3637642 144.1182 246.9824  7.74354536206019
UNKNOWN                 
1 85283U 78098    21077.42566713  .00002999  00000+0  71824-3 0  9992
2 85283  99.7056  61.5767 0028872 287.1219  72.6812 14.54210541289140
UNKNOWN                 
1 85292U          21074.83563666  .00001817  00000+0  49574-3 0  9991
2 85292  65.8315 282.1940 0049171 172.7845 187.3975 14.49155327935376
UNKNOWN                 
1 85370U          21077.52755878  .00000368  00000+0  37842-3 0  9990
2 85370  99.9510 166.5710 0009659 215.9863 158.0658 13.83515478369520
UNKNOWN                 
1 85373U          21075.41027111  .00000778  00000+0  65697-3 0  9995
2 85373 100.4186 231.9468 0053712  77.0201 311.7489 13.90878394370753
UNKNOWN                 
1 85383U          21077.42482239  .00001301  00000+0  37954-3 0  9993
2 85383  98.6570 159.8544 0109214 169.4979 190.8528 14.42467955335463
UNKNOWN                 
1 85386U          21077.51666686  .00001614  00000+0  43220-3 0  9996
2 85386  98.6354 171.6506 0117638 111.5274 261.3521 14.45614126385808
UNKNOWN                 
1 85409U          21077.83170419 -.00000014  00000-0  00000+0 0  9991
2 85409   0.0059 218.6038 0009441 150.4712 105.8107  1.00267045  2647
UNKNOWN                 
1 87001U          21076.88779989  .00000991  00000+0  40999-2 0  9998
2 87001 105.3722 205.7826 0263291 184.1415 175.7471 12.78868476338974
UNKNOWN                 
1 87011U          21077.29439097  .00000045  00000+0  19888-3 0  9992
2 87011  67.0368 289.6170 0256986  93.6465 269.4008 13.27738243354888
UNKNOWN                 
1 87013U          21077.39454897  .00187807  00000+0  97768-1 0  9993
2 87013  65.5153 212.1424 1179744 163.4763 200.8410 12.41502633 13663
UNKNOWN                 
1 87014U          21076.07365431  .00000857  00000+0  15818-2 0  9999
2 87014 100.4878 296.3224 0054254  60.6604  98.6153 13.42654523357923
UNKNOWN                 
1 87027U          21077.29071302  .00007126  00000+0  76295-1 0  9990
2 87027  64.2298  96.9567 3859795  46.7341 339.7029  6.74213085141814
UNKNOWN                 
1 87029U          21074.89112386  .00000664  00000+0  46913-3 0  9999
2 87029  98.9422 140.8916 0075215  35.8494 324.7685 13.99996265350242
UNKNOWN                 
1 87041U          21077.52504685 -.00000066  00000+0 -10478-3 0  9998
2 87041  67.3152 110.7547 0347020 110.2695 253.5966 12.43388559334803
UNKNOWN                 
1 87042U          21076.47450159  .00000499  00000+0  34230-3 0  9998
2 87042  98.9001 148.3571 0044205 264.3829  95.2296 14.03644950310865
UNKNOWN                 
1 87051U          21077.27416331  .00000051  00000+0  51080-4 0  9998
2 87051  65.7331  18.1750 0764922 197.7217 159.5747 13.35906945356809
UNKNOWN                 
1 87053U          21077.42787345  .00069209  16316-5  12091-2 0  9993
2 87053  63.0566  69.9680 2556120  66.1210 318.5691 10.35846674257412
UNKNOWN                 
1 87054U          21077.31813362  .00000463  00000+0  35072-3 0  9990
2 87054 100.0895 106.2541 0010943 256.0426 103.9518 13.99994125373518
UNKNOWN                 
1 87065U          21077.15593412  .00000275  00000+0  38072-3 0  9999
2 87065  98.7193 150.9828 0338483  42.1976 320.4688 13.43852160283801
UNKNOWN                 
1 87071U 68097    21077.54720957  .00000912  00000+0  40289-3 0  9996
2 87071  61.2221 267.0062 0576215 130.7592 234.4937 13.65430941364994
UNKNOWN                 
1 87074U          21077.43736152 -.00000080  00000+0 -30518-5 0  9995
2 87074  66.1420 132.3347 0143098 141.4688 219.6696 13.70073941366040
UNKNOWN                 
1 87076U          21077.37663992  .00000204  00000+0  71342-3 0  9995
2 87076  67.7584 108.0783 0647854 261.6052  91.1063 12.54942250335645
UNKNOWN                 
1 87079U          21077.24260257  .00006716  00000+0  67031-3 0  9995
2 87079  70.3256   9.9675 0030892 294.7708  65.0236 14.91580966394918
UNKNOWN                 
1 87082U          21077.34921231  .00002846  00000+0  19161-3 0  9997
2 87082  97.4749  47.6167 0162540 146.0864 215.0880 14.97267005348364
UNKNOWN                 
1 87091U          21076.60999427  .00005191  00000+0  29733-3 0  9999
2 87091  65.6998 203.9054 0149018   5.6001 354.6747 15.04700646397455
UNKNOWN                 
1 87094U          21077.39498690  .00003490  00000+0  86875-3 0  9995
2 87094  99.7902 158.7198 0131365 141.5537 219.5101 14.47416403384233
UNKNOWN                 
1 87107U          21074.69275101  .00044616  00000+0  24876-2 0  9997
2 87107  98.9048 161.1060 0018740 109.1719 251.1538 15.13284105349760
UNKNOWN                 
1 87113U          21077.28585855  .00003378  00000+0  56846-3 0  9995
2 87113  65.6690  27.2600 0361322  26.1952  45.4760 14.35982203382379
UNKNOWN                 
1 87129U          21076.92680161  .00000041  00000+0  64067-3 0  9996
2 87129 102.3603 122.2508 0029427  36.3629 323.9426 12.42008951331735
UNKNOWN                 
1 87134U          21077.30159407  .00000194  00000+0  43105-3 0  9998
2 87134  66.6701 281.4511 0470962 323.2313  33.7252 13.09547994349669
UNKNOWN                 
1 87143U          21077.35675035  .00000030  00000+0  00000+0 0  9995
2 87143  26.1493 113.9116 3690402 205.4420 130.6117  6.73886658180446
UNKNOWN                 
1 87149U          21074.86491561  .00001302  00000+0  12619-2 0  9999
2 87149  62.8909 245.7599 3266584 235.4211  89.4272  8.35468821222157
UNKNOWN                 
1 87159U          21077.54584357  .00000408  00000+0  50532-3 0  9997
2 87159  90.3069  11.8348 0119792 329.8087  29.6202 13.60874808321024
UNKNOWN                 
1 87163U          21076.38816298  .00000075  00000+0  57764-4 0  9990
2 87163  65.6029 128.9664 0696472  98.7081 269.3443 13.50359128342892
UNKNOWN                 
1 87164U          21076.83041143  .00000434  00000+0  15348-3 0  9990
2 87164  65.2052 221.4579 0133224  51.6445 309.6528 14.40670199385389
UNKNOWN                 
1 87180U          21077.28535999  .00001022  00000+0  98883-3 0  9994
2 87180  65.9175  32.7197 0021860  29.4449 330.7845 13.84065713369249
UNKNOWN                 
1 87203U          21074.97795057  .00001741  00000+0  42157-3 0  9997
2 87203  98.8805 336.9857 0062723 215.4482 144.2536 14.53238314300043
UNKNOWN                 
1 87204U          21077.59995379  .00000481  00000+0  24154-3 0  9995
2 87204  98.7093 311.2651 0051213 313.8019  45.8928 14.20478993379254
UNKNOWN                 
1 87211U          21077.49218728  .00000454  00000+0  18337-3 0  9994
2 87211  99.0259 331.8677 0067273 192.3860 341.6672 14.31698506459329
UNKNOWN                 
1 87213U          21069.12864395  .00004441  00000+0  59205-3 0  9993
2 87213  99.0276 200.3007 0067104 163.4443 196.8977 14.78671719303937
UNKNOWN                 
1 87214U          21077.26520823  .00000492  00000+0  52505-3 0  9991
2 87214 100.3426 257.9585 0073615   2.7716 357.3826 13.78644128361464
UNKNOWN                 
1 87222U          21076.93968958  .00005695  00000+0  36444-3 0  9992
2 87222  98.9661 323.3565 0065204   5.3133  51.3772 15.07340487487699
UNKNOWN                 
1 87228U          21076.07578746  .00002159  00000+0  79446-3 0  9996
2 87228  98.9226 186.7419 0048809 163.5410 196.7371 14.33035929355859
UNKNOWN                 
1 87235U          21076.64788906  .00000785  00000+0  30804-3 0  9996
2 87235  98.9198 209.6565 0154601 191.9442 167.8054 14.25973672338260
UNKNOWN                 
1 87237U          21077.33258844  .00000102  00000+0  11591-3 0  9993
2 87237  99.4585  98.6428 0104908 258.5357 113.3880 13.89932582371255
UNKNOWN                 
1 87239U          21076.67342639  .00001153  00000+0  48424-3 0  9999
2 87239  82.8830  68.6322 0029331 321.7381  38.1720 14.24964827379849
UNKNOWN                 
1 87245U          21077.23566080  .00000850  00000+0  22515-3 0  9993
2 87245  65.6601 248.3198 0533149 233.0816 304.7791 13.93141068371744
UNKNOWN                 
1 87256U          21072.90488254  .00000475  00000+0  31229-3 0  9995
2 87256  98.8843 145.7763 0044830 233.8571 125.8445 14.06220984339742
UNKNOWN                 
1 87271U          21077.36049507  .00000491  00000+0  13691-3 0  9992
2 87271  65.7742  50.5665 0568925 224.6430 130.7486 13.88064580370137
UNKNOWN                 
1 87280U          21077.28663510  .00000167  00000+0  39157-3 0  9994
2 87280  64.6161 187.4948 0129292 302.8186  56.0455 13.46917753300672
UNKNOWN                 
1 87293U          21077.35069544  .00000444  00000+0  13508-3 0  9993
2 87293  65.9098 303.1875 0529126 202.1346 155.6104 13.92421759371521
UNKNOWN                 
1 87300U          21076.19078002  .00000353  00000+0  31164-3 0  9999
2 87300 100.0881 239.5870 0033839 194.2664 165.7540 13.92693496371663
UNKNOWN                 
1 87304U          21077.35220585  .00000212  00000+0  42519-4 0  9998
2 87304  74.0179  82.6328 0019694 133.8721 226.4079 14.68082807392104
UNKNOWN                 
1 87305U          21077.64256315  .00001486  00000+0  29561-3 0  9996
2 87305  73.9979 316.7214 0036609 167.8568 192.3491 14.62609324220244
UNKNOWN                 
1 87313U          21077.64590653  .00000013  00000+0  68003-4 0  9991
2 87313  65.8432 176.9333 0200501 106.5403 255.7795 13.88584064371054
UNKNOWN                 
1 87320U          21077.12559749  .00000105  00000+0  11876-3 0  9990
2 87320  66.5973 216.8533 0443252  67.7708 296.9746 13.61939154357573
UNKNOWN                 
1 87328U          21076.84366414  .00002262  00000+0  26350-3 0  9990
2 87328  65.7626 187.7509 0235357 101.1619 261.6048 14.69749314390617
UNKNOWN                 
1 87331U          21077.06127245  .00008672  00000+0  28736-3 0  9997
2 87331  66.9030 307.6686 0017616 339.7130  20.3319 15.31623970404510
UNKNOWN                 
1 87333U          21077.14226334  .00000024  00000+0  88418-4 0  9994
2 87333  66.5361 127.4274 0033969 249.4438 110.2990 13.85886620370452
UNKNOWN                 
1 87334U          21077.56316664  .00002550  00000+0  34028-2 0  9999
2 87334  89.9931 271.2125 0078567  75.0792 285.9047 13.58811029149130
UNKNOWN                 
1 87335U          21077.02247489  .00002532  00000+0  33396-2 0  9996
2 87335  89.9794 270.1895 0083551  66.7857 294.2070 13.59373056149108
UNKNOWN                 
1 87342U          21076.69399529  .00003281  00000+0  34984-1 0  9994
2 87342 102.7137 243.3042 0958667 184.3139 174.9104 11.27878520300274
UNKNOWN                 
1 87350U          21077.40577724  .00000313  00000+0  11469-3 0  9996
2 87350  98.0391 306.8307 0253256 320.9134  37.3984 14.23007999379846
UNKNOWN                 
1 87359U          21077.62166531  .00000131  00000+0  23541-3 0  9991
2 87359  65.8495 299.1345 0136227  14.3349 346.1514 13.66822886366413
UNKNOWN                 
1 87382U          21077.58297284  .00010049  00000+0  16233-2 0  9990
2 87382  70.9711 292.7277 0008649  97.6370 262.5765 14.71531812301640
UNKNOWN                 
1 87397U          21077.59424343  .00001905  00000+0  35221-3 0  9995
2 87397  81.2441 175.0410 0016836 165.0017 195.1686 14.64978586302692
UNKNOWN                 
1 87405U          21077.44184691  .00001134  00000+0  92070-3 0  9997
2 87405  82.7595 332.8843 0049760 242.2294 117.3819 13.88660775370533
UNKNOWN                 
1 87415U          21077.13175715  .00001125  00000+0  10310-2 0  9997
2 87415  65.3554 217.9985 0035508 293.7018  66.0322 13.86875842369848
UNKNOWN                 
1 87416U          21077.18191250  .00001615  00000+0  66949-3 0  9999
2 87416  82.8378 352.5695 0022771  17.7376 342.4598 14.25917066361465
UNKNOWN                 
1 87423U          21077.23236790  .00008307  00000+0  87418-3 0  9991
2 87423  98.8397  75.3354 0055450  48.2729 312.3208 14.88562017302789
UNKNOWN                 
1 87426U          21077.29967207  .00001005  00000+0  56890-3 0  9992
2 87426  65.8095 262.8909 0069733 119.7538  53.2119 14.13309236377077
UNKNOWN                 
1 87433U          21074.31544153  .00000369  00000+0  80911-3 0  9994
2 87433 100.2521 207.1490 0049328 105.7551 254.9021 13.35603533200839
UNKNOWN                 
1 87448U          21077.42330769  .00000852  00000+0  80003-3 0  9990
2 87448 100.4624  63.9236 0068522 337.7095  22.1081 13.84051084369451
UNKNOWN                 
1 87455U          21075.60572186  .00027259  78052-6  11973-2 0  9995
2 87455  63.3795 156.4347 2950263 251.9477  74.1343  9.46447770244387
UNKNOWN                 
1 87456U          21076.18191107  .00001860  00000+0  36525-3 0  9992
2 87456  65.7901 240.1987 0617137 159.1642 203.5817 13.86098540369811
UNKNOWN                 
1 87468U          21072.41490770  .00001532  00000+0  19220-3 0  9994
2 87468  74.0136  94.9491 0070320 298.4699  60.9406 14.81459907222178
UNKNOWN                 
1 87491U          21077.42976353  .00001510  00000+0  38105-3 0  9991
2 87491  98.6412 142.1633 0072268  60.5294 300.3084 14.51042896330400
UNKNOWN                 
1 87501U          21073.80443190  .00004096  00000+0  12752-2 0  9990
2 87501  74.0349 221.5377 0024230  10.4095 349.7557 14.41088449217831
UNKNOWN                 
1 87517U          21077.31417884  .00000726  00000+0  26879-3 0  9990
2 87517  65.8292  59.7868 0724030  49.4381  12.3875 13.45460230359124
UNKNOWN                 
1 87520U          21077.38530381  .00000833  00000+0  19237-2 0  9997
2 87520 101.5764 125.4153 0211786 141.8911 219.7392 13.21074973351480
UNKNOWN                 
1 87521U          21077.53257750  .00005729  00000+0  98945-3 0  9994
2 87521  63.3906 293.3650 2311016 315.3996  28.2171 10.50991898229431
UNKNOWN                 
1 87541U          21077.18854687 -.00000136  00000+0 -18435-3 0  9994
2 87541  99.9016 340.3703 0059944 111.2022  50.0097 13.34854927351096
UNKNOWN                 
1 87553U          21077.50963976  .00000508  00000+0  19259-3 0  9991
2 87553  65.6732 171.9723 0751338 272.0380  79.4873 13.41654828358385
UNKNOWN                 
1 87557U          21077.25613359  .00001434  00000+0  40771-2 0  9995
2 87557 101.7320  72.1755 0073785 179.6643 180.4524 13.12335419336997
UNKNOWN                 
1 87561U          21075.45815154 -.00000051  00000+0 -45487-4 0  9994
2 87561 102.2156 145.2576 0175955 211.9621 159.0486 12.32179327329082
UNKNOWN                 
1 87565U          21075.25682114  .00000170  00000+0  12900-3 0  9997
2 87565  99.9779 252.8488 0182332 155.7238 205.2649 14.00360900373622
UNKNOWN                 
1 87569U          21077.50996976 -.00000038  00000+0  43552-4 0  9997
2 87569 101.7914 182.4781 0056018  63.5490 307.6306 12.68468904339084
UNKNOWN                 
1 87574U          21077.60975937  .00007759  00000+0  10991-2 0  9993
2 87574  73.9897 143.1981 0058081 237.0005 122.5580 14.76031999277796
UNKNOWN                 
1 87587U          21076.66049251  .00000016  00000+0  13765-4 0  9996
2 87587  74.0241  59.9609 0020402 159.0041 201.1956 14.38848298384757
UNKNOWN                 
1 87590U          21077.31532615  .00000156  00000+0  11843-3 0  9993
2 87590  98.9949 117.7239 0028451 109.0951 311.4723 14.07561585911648
UNKNOWN                 
1 87594U          21077.62999229 -.00000096  00000+0 -67211-5 0  9996
2 87594  63.1320 134.9336 0091331  85.6071 275.5381 13.44828020359474
UNKNOWN                 
1 87616U          21077.60776162  .00000644  00000+0  24056-2 0  9992
2 87616  66.0369 303.1655 0634774 154.8749 245.2635 12.44680856320750
UNKNOWN                 
1 87624U          21077.25520889  .00000511  00000+0  12407-3 0  9996
2 87624  98.7961 270.3318 0130985 150.9929 209.8626 14.52501811328110
UNKNOWN                 
1 87632U          21077.29553977  .00004876  00000+0  24236+0 0  9990
2 87632  85.8429 188.4617 2008280 330.9882  19.2531  8.79314697180376
UNKNOWN                 
1 87642U          21075.21955718  .00011369  00000+0  62875-3 0  9990
2 87642  62.2236 252.6908 0184182 139.0860 222.4226 15.00947401391153
UNKNOWN                 
1 87656U          21077.48875386  .00003389  00000+0  81431-3 0  9990
2 87656  99.1253 179.1019 0022467 168.4993 191.6719 14.53961650748117
UNKNOWN                 
1 87664U          21077.54940537  .00000535  00000+0  15689-2 0  9998
2 87664  99.7113 101.0418 0212675 337.3167 178.2822 13.06080082315424
UNKNOWN                 
1 87672U          21077.47460335  .00000770  00000+0  39105-3 0  9993
2 87672  70.8601 106.6932 0062171   9.0375 351.1852 14.18146334378549
UNKNOWN                 
1 87681U          21077.10026216  .00000472  00000+0  59353-3 0  9995
2 87681  66.7374 220.1055 0165417 226.6277 132.0912 13.66875068365020
UNKNOWN                 
1 87690U          21077.23982267  .00000351  00000+0  80144-4 0  9995
2 87690  65.7986  70.9641 0681504 190.8370 167.7364 13.77439930367581
UNKNOWN                 
1 87692U          21077.58613895  .00023237  00000+0  17742-2 0  9993
2 87692  70.8539 170.3563 0003639 184.8617 175.2516 15.01925171393168
UNKNOWN                 
1 87706U          21077.55492108  .00000516  00000+0  13616-3 0  9990
2 87706  98.5089 194.1143 0138152 149.2275 274.3637 14.47762042327182
UNKNOWN                 
1 87725U          21077.54804397  .00000953  00000+0  31555-3 0  9994
2 87725  82.8949 282.0908 0031364 131.8583 228.5292 14.36751900382869
UNKNOWN                 
1 87727U          21076.80386595  .00006061  00000+0  11538-2 0  9993
2 87727  70.9834 250.5239 0007528  55.3166 304.8691 14.64448524388156
UNKNOWN                 
1 87730U          21077.22522261  .00000034  00000+0  19878-4 0  9997
2 87730  82.9417  74.1071 0030715 143.3686 216.9578 13.74163991347641
UNKNOWN                 
1 87732U          21072.69057394  .02593725  00000+0  14002-1 0  9992
2 87732  98.6950 333.5261 0017231 101.7878 258.5318 15.76425587306523
UNKNOWN                 
1 87737U          21077.58703090 -.00000021  00000+0  25197-4 0  9992
2 87737  99.6305 303.8988 0133722   0.5177 359.6086 13.71997158366589
UNKNOWN                 
1 87764U          21077.46745885  .00000766  00000+0  18592-3 0  9992
2 87764  65.6729  98.4454 0495347 213.9855 299.5186 14.03852933374347
UNKNOWN                 
1 87771U          21077.19382587  .00000039  00000+0  20919-3 0  9995
2 87771 100.6131 221.2829 0119205 327.6786  31.7064 13.18999463306909
UNKNOWN                 
1 87782U          21077.25253698  .00000798  00000+0  32130-2 0  9993
2 87782 102.3466  78.3478 0072116 114.2996 246.5647 12.90119057344114
UNKNOWN                 
1 87784U          21077.55558804  .00109195  00000+0  36443-2 0  9997
2 87784  62.1323 279.3046 1024309 348.5904   9.3380 13.48636508186255
UNKNOWN                 
1 87817U 68097    21074.42169504  .00006808  00000+0  47422-3 0  9999
2 87817  62.7677 324.3152 0159723 350.5731   9.2374 14.96547487425976
UNKNOWN                 
1 87818U          21075.80234186  .00015673  00000+0  36995-2 0  9994
2 87818  61.9149 251.7672 3826190 190.9685 157.6149  7.60210005149009
UNKNOWN                 
1 87841U          21077.13609184  .00001229  00000+0  65362-3 0  9995
2 87841 102.8808 175.4083 0193940   3.4680 356.7769 14.07497210375049
UNKNOWN                 
1 87843U          21074.90973298  .00001362  00000+0  34640-2 0  9991
2 87843  99.6778 322.5409 0247641  76.8751 285.9870 13.09938047336859
UNKNOWN                 
1 87845U          21077.55930182  .00000969  00000+0  19732-2 0  9999
2 87845  98.8819   0.5326 0588193 258.9790  94.4645 12.84192921342816
UNKNOWN                 
1 87848U          21077.40423166  .00000196  00000+0  41611-4 0  9990
2 87848  74.0130 104.6214 0020351 186.1496 173.9426 14.65765275391515
UNKNOWN                 
1 87878U          21076.70169466  .00000506  00000+0  21920-3 0  9990
2 87878  99.2307  72.0611 0040987 244.0608 115.6345 14.28626733363435
UNKNOWN                 
1 87883U          21076.49643577  .00000107  00000+0  57836-4 0  9995
2 87883  99.2728 313.7263 0297705 197.3923 161.6877 14.12025980327787
UNKNOWN                 
1 87884U          21077.19309862 -.00000147  00000+0 -59441-4 0  9990
2 87884  98.5413 239.1181 0155806 261.6113  96.7367 14.04384071375361
UNKNOWN                 
1 87898U          21076.82379060  .00001316  00000+0  49891-3 0  9995
2 87898  98.9233 289.5731 0133721 273.0686  85.5201 14.28115576380170
UNKNOWN                 
1 87934U          21076.88224831  .00000049  00000+0  36367-4 0  9994
2 87934  82.9366 138.4678 0031395 164.1348 319.2732 13.72787029366819
UNKNOWN                 
1 87942U          21077.57800064  .00001036  00000+0  11919-3 0  9990
2 87942  99.0564 344.1318 0145264 231.6544 249.5533 14.81364888388681
UNKNOWN                 
1 87960U          21077.66652862  .00000060  00000+0  34017-3 0  9991
2 87960  67.6315  81.3787 0611667 220.9118 258.6506 12.54450614867357
UNKNOWN                 
1 87970U          21075.13751018  .00026868  00000+0  10964-2 0  9993
2 87970  99.0260 318.8926 0029977 245.5855 114.2249 15.23993188347011
UNKNOWN                 
1 87972U          21075.99565308  .00003874  00000+0  13998-2 0  9996
2 87972  98.8144 355.0923 0174324  41.1070 320.3093 14.26000861327998
UNKNOWN                 
1 87991U          21074.89108380  .00003684  00000+0  73531-2 0  9996
2 87991  28.6238 296.1873 0920277 164.8268 198.1892 12.29667794309253
UNKNOWN                 
1 87997U          21077.63306845  .00635688  60120-4  55768-2 0  9994
2 87997  63.0614 318.3770 0786197  41.6440 324.1826 14.23830387301681
UNKNOWN                 
1 87998U          21073.87277533  .00000219  00000+0  15361-3 0  9996
2 87998  98.7467 125.6391 0029009 119.3904 241.0168 14.07899664304685
UNKNOWN                 
1 88028U 10057    21077.18435031  .00000013  00000+0  54332-3 0  9994
2 88028  20.9303 138.0868 7066735  48.8753 353.4482  2.44663347 60259
UNKNOWN                 
1 88049U          21076.72602829  .00000064  00000+0  18521-3 0  9990
2 88049  64.2300 239.0805 5518585  40.5931 353.4946  4.30643143115067
UNKNOWN                 
1 88078U 73086    21077.41433075  .00000449  00000+0  14433-2 0  9992
2 88078 101.5280  63.8711 0266422 207.4948 151.1839 12.98273883329331
UNKNOWN                 
1 88079U          21074.33161762  .00004752  00000+0  21613-2 0  9997
2 88079  20.6841 316.2693 4701716 331.7550   9.2704  6.01349884123028
UNKNOWN                 
1 88096U          21077.32953525  .00002360  00000+0  35611-2 0  9990
2 88096  65.2367 308.0339 5151282 124.6768 295.1453  5.15739512166275
UNKNOWN                 
1 88107U          21077.19550445  .00005450  00000+0  91958-2 0  9991
2 88107  20.6488 345.4160 6749628  75.3431 345.8857  2.88681808 57362
UNKNOWN                 
1 88117U          21077.13977940  .00000058  00000+0  73181-4 0  9998
2 88117  20.4165  52.4654 4903045 173.6526 196.2184  5.58118786120739
UNKNOWN                 
1 88153U          21066.88842701  .00000046  00000+0  00000+0 0  9996
2 88153  62.9030 277.3050 6354166 241.3126  41.6322  2.98394161 67083
UNKNOWN                 
1 88173U 99025    21077.58551146  .00000990  00000+0  71050-3 0  9997
2 88173  99.1708   8.9804 0156676 164.1430 196.4717 13.93642654359748
UNKNOWN                 
1 88216U          21075.70491444  .00002508  00000+0  56824-2 0  9994
2 88216  21.7412 250.3460 6664530 126.9500 314.2091  2.98113882 63097
UNKNOWN                 
1 88238U          21077.21814796  .00000428  00000+0  64193-3 0  9993
2 88238  21.6269  73.3921 7041724 151.8723 277.8871  2.54261418 60946
UNKNOWN                 
1 88255U          21073.96255468  .00008257  00000+0  10179-2 0  9997
2 88255  20.3253 302.1404 4712704  22.8193 352.6839  6.12395696129745
UNKNOWN                 
1 88269U          21074.19629727 -.00000034  00000+0  00000+0 0  9996
2 88269  62.9511 335.8679 4682513 280.6827 289.8702  5.35418520143199
UNKNOWN                 
1 88270U 08011    21076.19098580  .00000194  00000+0  20414-3 0  9998
2 88270  48.8431 190.9756 6537451 101.5700 333.4284  3.14409335 69382
UNKNOWN                 
1 88271U          21067.09337751 -.00000100  00000+0 -59651-2 0  9997
2 88271  64.1185  24.1280 5583637 254.2462 283.8113  3.90229680103999
UNKNOWN                 
1 88288U          21071.06369280  .00331424  00000+0  86458-2 0  9998
2 88288  20.6354 218.2871 3348903 152.0794 230.8792  8.73891083 24670
UNKNOWN                 
1 88313U          21075.27525473  .00020297  00000+0  14227-1 0  9999
2 88313  20.4458  31.4887 6845975 354.0716   0.6810  2.80405874 72865
UNKNOWN                 
1 88342U          21075.87966498  .00019204  00000+0  55403-2 0  9991
2 88342  20.9306 307.1445 5227709 116.1800 305.8572  5.20641063107656
UNKNOWN                 
1 88355U 12008    21077.12935147 -.00000192  00000+0  00000+0 0  9990
2 88355  20.6059  63.8813 6968317 274.9764  15.5447  2.24705034 46712
UNKNOWN                 
1 88703U          21072.21785769 -.00000551  00000+0  00000+0 0  9993
2 88703  71.7385 163.9635 6138169 199.8765 118.3797  2.00563291 53575
UNKNOWN                 
1 88710U          21071.49353619  .00000095  00000+0  24707-3 0  9991
2 88710  63.4518 105.8285 5773544 249.3971 332.0748  4.16139327110984
UNKNOWN                 
1 88716U          21072.64470884  .00000030  00000+0  33869-3 0  9997
2 88716  63.6982 290.7397 3849087 312.6792  36.3036  6.85113161182871
UNKNOWN                 
1 89003U          21076.29161948  .00000051  00000+0  27203-4 0  9999
2 89003  74.0462 307.0231 0015357  70.6984 289.5828 14.34667473383142
UNKNOWN                 
1 89005U          21077.63362575  .00000257  00000+0  82312-4 0  9999
2 89005  97.9526  17.9516 0221323 246.3947 111.3862 14.34355720285370
UNKNOWN                 
1 89029U          21077.34540385  .00000419  00000+0  64778-4 0  9996
2 89029  98.2520 279.6392 0031111 171.9253 188.2464 14.78430987394504
UNKNOWN                 
1 89037U          21077.18934032  .00001089  00000+0  66972-3 0  9994
2 89037  98.4191  65.2817 0141496  32.8067 328.1788 14.02623322279045
UNKNOWN                 
1 89048U          21077.04566937  .00003231  00000+0  76044-3 0  9998
2 89048  98.9297 291.9925 0011525 230.3896 129.6282 14.55055945386007
UNKNOWN                 
1 89067U          21077.07826479  .00003578  00000+0  11673-3 0  9993
2 89067  80.9919  20.6795 0602773 179.7781 180.3804 14.38149220331546
UNKNOWN                 
1 89074U          21077.47395872  .00001410  00000+0  17189-2 0  9993
2 89074 100.2972  74.6475 0057370  62.1231  89.4957 13.67247085352130
UNKNOWN                 
1 89101U          21077.21093210 -.00000311  00000+0 -80612-3 0  9990
2 89101 100.2499  65.1838 0148159  18.1906 342.4423 13.03604486329337
UNKNOWN                 
1 89123U          21077.01676549  .00001652  00000+0  82468-3 0  9992
2 89123  99.0641 164.1698 0068446 149.3028 211.2177 14.17069338281435
UNKNOWN                 
1 89127U          21075.27460058  .00004127  00000+0  45838-3 0  9998
2 89127  74.0722 175.0797 0045178 312.1454  47.5891 14.86811592234370
UNKNOWN                 
1 89132U          21077.44341578  .00000196  00000+0  20036-3 0  9995
2 89132  63.3804 236.8381 3069829 319.0956  21.5419  8.72265840173151
UNKNOWN                 
1 89135U          21077.50209902  .00001108  00000+0  56431-3 0  9991
2 89135  71.0704 355.9854 0136686   5.1998 355.0505 14.13189393376942
UNKNOWN                 
1 89140U          21077.33284611  .00010210  00000+0  30133-2 0  9992
2 89140  98.9451 120.7568 0018803 194.3624 165.7032 14.43630802240571
UNKNOWN                 
1 89143U          21077.61308424  .00099722  00000+0  23629-1 0  9991
2 89143  65.1733 284.1775 0348339 202.7246 155.8095 14.22474707156136
UNKNOWN                 
1 89146U          21077.30780377  .00000543  00000+0  14678-3 0  9990
2 89146  98.1492  22.0416 0120072 350.8752   9.0259 14.47571398377629
UNKNOWN                 
1 89158U          21077.48065506  .00004827  00000+0  54967-3 0  9996
2 89158  98.8549  88.1384 0093325  23.3558 337.1851 14.83613274233887
UNKNOWN                 
1 89161U          21077.32988493  .00000910  00000+0  13521-3 0  9992
2 89161  97.7829 120.4715 0134583  14.4223 346.0767 14.71441968291391
UNKNOWN                 
1 89171U          21074.40278975  .00011309  00000+0  10512-2 0  9996
2 89171  99.0247 236.7868 0061422  99.8097 261.0061 14.93120437295282
UNKNOWN                 
1 89172U 81053    21076.17225916  .00001307  00000+0  31627-3 0  9995
2 89172  82.0845 343.6873 0422662  11.2147 349.8088 14.09804938355793
UNKNOWN                 
1 89177U          21075.37459450  .00000053  00000+0  41007-4 0  9997
2 89177  82.9183 113.1142 0030975 281.4810  78.2867 13.73391828825150
UNKNOWN                 
1 89183U          21077.27776445  .00000287  00000+0  30041-3 0  9995
2 89183  99.1841  12.4357 0134825  71.0251 290.5456 13.79061737368286
UNKNOWN                 
1 89184U          21077.48373076  .00001115  00000+0  37737-3 0  9992
2 89184  98.4961 273.6463 0019405  14.4686 345.7053 14.38633010241281
UNKNOWN                 
1 89195U          21075.10513131  .00000968  00000+0  44178-3 0  9991
2 89195  98.8042 137.5299 0031119 224.9337 134.9322 14.23657087280474
UNKNOWN                 
1 89206U          21077.51029603  .00001255  00000+0  55479-3 0  9993
2 89206  98.7345 100.3275 0031644 171.1156 189.0589 14.24761344238932
UNKNOWN                 
1 89213U          21077.57651968  .00000108  00000+0  98918-4 0  9994
2 89213  98.8661  11.4345 0233440 172.9858 187.4663 13.89038284212306
UNKNOWN                 
1 89218U          21075.80823477  .00000828  00000+0  81316-3 0  9991
2 89218 100.3467 201.4951 0107264 142.5212 218.3477 13.79835766354391
UNKNOWN                 
1 89255U          21077.44214958  .00000424  00000+0  59732-3 0  9991
2 89255  98.6322  69.2734 0364988 151.5239 210.6376 13.37205433263610
UNKNOWN                 
1 89261U          21077.58934588  .00000121  00000+0  52458-4 0  9994
2 89261  98.2642 126.3450 0013179 355.6879   4.4194 14.39127367284722
UNKNOWN                 
1 89281U          21077.47321185  .00001644  00000+0  50079-3 0  9994
2 89281  99.3259 152.8488 0017770 246.8216 124.4000 14.43443802384171
UNKNOWN                 
1 89285U          21076.54858261  .00164385  47541-5  58513-2 0  9994
2 89285  62.9043 209.9499 2024311  83.2724 299.2989 11.36436494162872
UNKNOWN                 
1 89304U          21077.45704307  .00005222  00000+0  53282-1 0  9992
2 89304  85.0489 149.2887 2526445 316.9134  34.0541  8.84704663284326
UNKNOWN                 
1 89314U          21075.65305172  .00000403  00000+0  15926-2 0  9990
2 89314  18.8926 194.3552 7139580 359.5766 359.9406  2.37097863 46139
UNKNOWN                 
1 89327U          21073.33654692  .00000224  00000+0  18125-3 0  9997
2 89327  82.5383 286.5090 0012865 344.9083  15.1692 13.86189852234007
UNKNOWN                 
1 89341U          21076.25613663  .00035998  00000+0  64268-3 0  9995
2 89341  98.1909  81.0901 0008942 170.7864 189.3551 15.49935544354641
UNKNOWN                 
1 89347U          21077.06652264  .00004922  00000+0  94927-3 0  9999
2 89347  86.2858  16.4476 0048308 345.9376  14.0486 14.62570396243946
UNKNOWN                 
1 89349U          21077.43451312  .00000289  00000+0  99365-3 0  9996
2 89349  90.2838 326.8302 0031271 126.9730 233.4259 12.95496793254667
UNKNOWN                 
1 89379U          21077.63235287  .00000158  00000+0  33616-3 0  9994
2 89379 100.5358 325.9737 0055294 359.3514   0.7536 13.47609530346733
UNKNOWN                 
1 89381U          21077.58886374  .00007230  00000+0  13432-2 0  9991
2 89381  98.7792 212.5574 0078347 118.4154 242.4971 14.63518887222468
UNKNOWN                 
1 89389U          21075.43503148  .00001687  00000+0  26120-3 0  9995
2 89389  74.0483 241.9160 0083154  14.4312 345.9205 14.71768942287042
UNKNOWN                 
1 89390U          21077.29420220  .00007579  00000+0  74025-3 0  9995
2 89390  98.9633 198.0964 0040193  66.5749 293.9684 14.92132364375393
UNKNOWN                 
1 89391U          21077.28209340  .00001990  00000+0  18970-3 0  9991
2 89391  97.4001 254.2565 0205920  70.8026 291.5346 14.79718813169165
UNKNOWN                 
1 89395U          21077.58827301  .00000387  00000+0  48560-2 0  9997
2 89395 102.3761 127.7136 0226091 191.7145 334.2848 12.01136482316988
UNKNOWN                 
1 89400U          21076.79531991 -.00000019  00000+0  00000+0 0  9990
2 89400  63.1593 268.8537 2549612  92.0964 297.0606  8.17194249207495
UNKNOWN                 
1 89403U          21077.44805963  .00000373  00000+0  12776-2 0  9997
2 89403  90.2818 325.2371 0023634 115.8449  58.1719 12.96372220253451
UNKNOWN                 
1 89438U          21077.16448355  .00017053  00000+0  12718-2 0  9991
2 89438  86.3666 345.7544 0010833 154.9644 205.2118 15.02728757288190
UNKNOWN                 
1 89453U          21076.30194763  .00002014  00000+0  14809-3 0  9999
2 89453  97.2636 266.5103 0147945 272.3493  86.0798 14.96142971247620
UNKNOWN                 
1 89460U          21076.61086868  .00000327  00000+0  73283-3 0  9993
2 89460 100.2927 209.3389 0055176  99.1729 261.5642 13.34958651201919
UNKNOWN                 
1 89483U          21074.16872533  .00004359  00000+0  48717-3 0  9991
2 89483  99.4852  38.2387 0267690 312.3843  45.4973 14.65035124242513
UNKNOWN                 
1 89484U          21077.32338891 -.00000506  00000+0 -98394-2 0  9994
2 89484  85.2304 202.3716 2347745   2.8343 358.3529  8.82945331201102
UNKNOWN                 
1 89490U          21077.41414004  .00001644  00000+0  81232-3 0  9998
2 89490  98.3671  68.1135 0130942 244.4126 114.3468 14.14302487234383
UNKNOWN                 
1 89492U          21074.11901881 -.00000355  00000+0 -28015-3 0  9998
2 89492  82.5339  25.7244 0027389 258.0318 101.7777 13.93833233325439
UNKNOWN                 
1 89493U          21077.02046478  .00000728  00000+0  45400-3 0  9993
2 89493  99.1523 108.1212 0093319 206.5163 153.1213 14.06021073220090
UNKNOWN                 
1 89494U          21077.52831610  .00000567  00000+0  35951-3 0  9990
2 89494  99.1520 108.6418 0093771 205.1015 154.5578 14.06003449220023
UNKNOWN                 
1 89496U          21077.24996351  .00003848  00000+0  49725-3 0  9994
2 89496  98.9001  97.2464 0095342  96.5725 264.6348 14.78467125223098
