SA
SAUDISAT 1C             
1 27607U 02058C   21077.90055762  .00000029  00000-0  24557-4 0  9996
2 27607  64.5540 255.2409 0031722  57.7189 302.6980 14.75723578981192
SAUDISAT 2              
1 28371U 04025F   21078.42014435 -.00000030  00000-0  37758-5 0  9992
2 28371  98.3177  31.0747 0026776  65.7970 294.5979 14.54417795887142
SAUDISAT 3              
1 31118U 07012B   21078.37494032  .00000005  00000-0  88806-5 0  9994
2 31118  97.9107  33.1641 0014570 201.2977 158.7625 14.69194915746338
PISAT                   
1 41784U 16059B   21078.13145882  .00000118  00000-0  31542-4 0  9994
2 41784  97.9795 132.5865 0032385 165.1933 195.0225 14.63598032239088
FLYING LAPTOP           
1 42831U 17042G   21077.84509859 -.00000255  00000-0 -20369-4 0  9995
2 42831  97.4840 312.3230 0015638  89.3315 270.9699 14.91253079200182
SALSAT                  
1 46495U 20068K   21077.87766787  .00000459  00000-0  38228-4 0  9992
2 46495  97.6876  15.9547 0018080  25.3497 334.8610 15.03383764 25722
