C
TDRS 3                  
1 19548U 88091B   21078.09868219 -.00000296  00000-0  00000+0 0  9991
2 19548  14.0210 355.0313 0039407 325.7778 202.3400  1.00282750106158
FLTSATCOM 8 (USA 46)    
1 20253U 89077A   21078.00705584 -.00000075  00000-0  00000+0 0  9992
2 20253  12.9785   3.4308 0004791  35.1985 212.5078  1.00272299241392
SKYNET 4C               
1 20776U 90079A   21078.14182935  .00000129  00000-0  00000+0 0  9999
2 20776  13.9205   3.6186 0003190 343.7492 274.4261  1.00270811111721
TDRS 5                  
1 21639U 91054B   21077.83699054  .00000087  00000-0  00000-0 0  9996
2 21639  14.2539   8.3452 0027286   0.3450 301.6681  1.00267693108497
TDRS 6                  
1 22314U 93003B   21078.09687524 -.00000292  00000-0  00000+0 0  9999
2 22314  14.0865  11.5274 0008269  63.5333  90.6423  1.00266091103166
UFO 2 (USA 95)          
1 22787U 93056A   21077.53938275  .00000128  00000-0  00000-0 0  9999
2 22787  11.3568  13.7022 0004711 288.6346  96.8599  1.00273484 99336
USA 99 (MILSTAR-1 1)    
1 22988U 94009A   21078.11096918 -.00000191  00000-0  00000+0 0  9995
2 22988  14.6052  48.0028 0002279 336.1354 102.6819  1.00271724 12437
ASTRA 1D                
1 23331U 94070A   21077.81739751 -.00000266  00000-0  00000-0 0  9995
2 23331   9.4819  40.5859 0003745 322.3350  34.9246  1.00274270 97066
USA 107 (DSP 17)        
1 23435U 94084A   21077.40341463 -.00000164  00000-0  00000-0 0  9996
2 23435  14.5807   9.5295 0001221  70.6297 144.8247  1.00272618 13732
UFO 4 (USA 108)         
1 23467U 95003A   21077.74596677 -.00000020  00000-0  00000-0 0  9990
2 23467   9.8331  19.6733 0005476  34.3349 203.2698  1.00275456 95739
AMSC 1                  
1 23553U 95019A   21078.48882314 -.00000096  00000-0  00000+0 0  9993
2 23553  11.5250  29.2702 0011067 348.8972 228.5418  1.00272910 94951
TDRS 7                  
1 23613U 95035B   21077.88882703 -.00000199  00000-0  00000-0 0  9998
2 23613  14.1306   2.2097 0030076  33.7259 185.6112  1.00271996 94032
USA 113                 
1 23628U 95038A   21077.94623178 -.00000335  00000-0  00000+0 0  9994
2 23628  11.6823  28.1103 0001450 282.5976 310.2496  1.00273914 12395
USA 115 (MILSTAR-1 2)   
1 23712U 95060A   21078.47993355 -.00000015  00000-0  00000+0 0  9994
2 23712  13.3390  17.7384 0002035 326.6631 245.5871  1.00272267 12432
INMARSAT 3-F1           
1 23839U 96020A   21077.56785549  .00000136  00000-0  00000-0 0  9998
2 23839   6.6164  60.8319 0006006 320.6037  46.0660  0.99982740 91099
INMARSAT 3-F2           
1 24307U 96053A   21077.43308889 -.00000237  00000-0  00000-0 0  9992
2 24307   5.5019  70.1749 0008530 317.0114 233.1846  0.99986150 89752
AMC-1 (GE-1)            
1 24315U 96054A   21078.18243772  .00000066  00000-0  00000+0 0  9992
2 24315   4.5589  76.7557 0003349 286.5685 108.3900  1.00273718 89810
INMARSAT 3-F3           
1 24674U 96070A   21078.47644714 -.00000098  00000-0  00000+0 0  9997
2 24674   6.1722  64.6193 0006049 305.3428 146.9372  1.00006775 88741
INTELSAT 26 (IS-26)     
1 24732U 97007A   21077.86240569  .00000006  00000-0  00000-0 0  9994
2 24732   9.4254  41.3714 0006915 345.4281 163.9221  1.00273601 53521
USA 130 (DSP 18)        
1 24737U 97008A   21077.20135632  .00000036  00000-0  00000-0 0  9995
2 24737  13.6965  17.5032 0000292 258.2094 341.3564  1.00283760 13676
GALAXY 25 (G-25)        
1 24812U 97026A   21077.83850859  .00000154  00000-0  00000-0 0  9994
2 24812   2.5766  88.0129 0003300 321.4555 101.8634  1.00272877 87163
INTELSAT 5 (IS-5)       
1 24916U 97046A   21077.60391046  .00000090  00000-0  00000+0 0  9992
2 24916   6.2718  63.9776 0003051 311.5687 241.2233  1.00272487 86390
AMC-3 (GE-3)            
1 24936U 97050A   21078.51152075 -.00000260  00000-0  00000+0 0  9997
2 24936   3.4481  83.4998 0003132 277.7833 288.1284  1.00272065 86238
NSS-5                   
1 24957U 97053A   21077.57341262  .00000105  00000-0  00000-0 0  9994
2 24957   6.5183  62.2142 0003506 289.8840  81.1389  1.00272536 85955
USA 134                 
1 25019U 97065A   21078.39640806 -.00000057  00000-0  00000+0 0  9990
2 25019  10.5340  34.3188 0007501 326.1624 207.2888  1.00268347 12397
ASTRA 1G                
1 25071U 97076A   21078.21785374  .00000117  00000-0  00000+0 0  9997
2 25071   5.2204  71.5054 0003757 283.0801 280.2071  1.00271304 85322
INMARSAT 3-F5           
1 25153U 98006B   21077.82114866 -.00000288  00000-0  00000-0 0  9991
2 25153   5.3998  68.7216 0005050 291.5022  57.9700  1.00270295 84672
UFO 8 (USA 138)         
1 25258U 98016A   21077.74596677 -.00000022  00000-0  00000-0 0  9999
2 25258   8.9481  31.6907 0004078 334.2822 250.7037  1.00275641 84634
ASTRA 2A                
1 25462U 98050A   21078.26160368  .00000149  00000-0  00000+0 0  9994
2 25462   2.2829  90.3081 0002275 263.0975 305.7440  1.00275073 82528
JCSAT-4A                
1 25630U 99006A   21077.75476069 -.00000309  00000-0  00000-0 0  9994
2 25630   5.2047  72.1880 0004643 221.9263 290.1086  1.00274038 31391
SKYNET 4E               
1 25639U 99009B   21077.11381510 -.00000031  00000-0  00000-0 0  9994
2 25639  11.0191  19.4379 0003300 338.5473 217.6851  1.00275023 32164
ASIASAT 3S              
1 25657U 99013A   21078.55475116 -.00000224  00000-0  00000+0 0  9997
2 25657   5.3896  70.6886 0003898 304.5203 149.3193  1.00273014 80611
NIMIQ 1                 
1 25740U 99027A   21078.50229056 -.00000199  00000-0  00000+0 0  9991
2 25740   1.7541  91.6426 0005885 274.1571 265.7525  1.00271425 79997
ABS-7                   
1 25894U 99046A   21078.53313462  .00000153  00000-0  00000+0 0  9999
2 25894   1.6336  92.2817 0006146 272.6364  39.3170  1.00154912 77937
ABS-6                   
1 25924U 99053A   21077.86363253 -.00000121  00000-0  00000-0 0  9996
2 25924   0.0166 300.5936 0001660  77.9372 268.0012  1.00271896 78638
AMC-4 (GE-4)            
1 25954U 99060A   21078.55316206  .00000087  00000-0  00000+0 0  9999
2 25954   0.3906  96.7484 0003185 259.6356 245.1439  1.00271822 78271
UFO 10 (USA 146)        
1 25967U 99063A   21078.34531334 -.00000184  00000-0  00000+0 0  9993
2 25967   8.1759  34.8462 0004380 357.9979 245.7273  1.00270314 78128
GALAXY 11 (G-11)        
1 26038U 99071A   21077.88517980 -.00000163  00000-0  00000-0 0  9999
2 26038   1.8692  93.8348 0001353 180.5867 127.7961  1.00272124 77869
USA 148                 
1 26052U 00001A   21078.31119441  .00000043  00000-0  00000+0 0  9994
2 26052   8.8319  45.0506 0002216 327.1025  97.2796  1.00275128 12411
ASIASTAR                
1 26107U 00016A   21077.94263135 -.00000333  00000-0  00000-0 0  9993
2 26107   4.6301  75.3689 0004239 288.4020 257.2900  1.00272328 76702
USA 149 (DSP 20)        
1 26356U 00024A   21077.65285465  .00000100  00000-0  00000-0 0  9997
2 26356  11.7503  24.5255 0000745 175.6963  45.6145  1.00281161 13691
EUTELSAT 80A            
1 26369U 00028A   21077.54980047  .00000120  00000-0  00000-0 0  9993
2 26369   4.0202  79.2038 0004743 279.7263  63.5376  1.00273636 76213
TDRS 8                  
1 26388U 00034A   21077.87881811 -.00000225  00000-0  00000-0 0  9993
2 26388   9.6568  45.6579 0021711 326.6376 209.4930  1.00262651 75961
INTELSAT 9 (IS-9)       
1 26451U 00043A   21078.35403005 -.00000286  00000-0  00000+0 0  9999
2 26451   6.2605  64.1613 0002517 299.5257 250.8829  1.00273080 75630
BRASILSAT B4            
1 26469U 00046A   21078.36199781 -.00000272  00000-0  00000+0 0  9990
2 26469   4.6042  76.4700 0002121 274.1402 248.7179  1.00270801 75420
ASTRA 2B                
1 26494U 00054A   21078.26716064  .00000118  00000-0  00000+0 0  9993
2 26494   5.1222  72.1019 0005064 284.9644 295.7079  1.00272253 75026
NSS-11 (AAP-1)          
1 26554U 00059A   21078.48187868  .00000025  00000-0  00000+0 0  9990
2 26554   0.0256 300.1700 0002850  41.6868 184.8341  1.00272610 74960
USA 153                 
1 26575U 00065A   21077.81068399 -.00000323  00000-0  00000-0 0  9996
2 26575   8.3432  48.3588 0002336 333.6083 220.6758  1.00279140 13719
AMC-6 (GE-6)            
1 26580U 00067A   21078.55027088  .00000104  00000-0  00000+0 0  9991
2 26580   0.0091 177.4953 0002913 189.0771 229.8242  1.00271384 74777
INTELSAT 12 (IS-12)     
1 26590U 00068A   21077.76821848  .00000012  00000-0  00000-0 0  9990
2 26590   3.5765  83.8046 0004082 306.8363 126.6818  1.00272000 32494
INTELSAT 1R (IS-1R)     
1 26608U 00072A   21077.86328360 -.00000139  00000-0  00000-0 0  9998
2 26608   3.3536  83.7936 0000587 172.3022  28.3990  1.00272067 22108
ANIK F1                 
1 26624U 00076A   21078.19486626 -.00000062  00000-0  00000+0 0  9991
2 26624   0.3038  99.2463 0005762 301.0108  97.6106  1.00272411 74516
ASTRA 2D                
1 26638U 00081A   21077.57341262  .00000063  00000-0  00000-0 0  9990
2 26638   6.3469  63.1552 0001916 287.1526  89.6638  1.00272229 33691
AMC-8 (GE-8)            
1 26639U 00081B   21077.62812656  .00000087  00000-0  00000+0 0  9992
2 26639   1.3190  93.2457 0002670 270.2255 264.0262  1.00270839 74058
USA 157 (MILSTAR-2 2)   
1 26715U 01009A   21078.13887032  .00000094  00000-0  00000+0 0  9993
2 26715   9.5851  29.2593 0003673 318.2327  94.9821  1.00431540 12437
EUTELSAT 133 WEST A     
1 26719U 01011A   21078.22557536  .00000077  00000-0  00000+0 0  9994
2 26719   2.6109  86.7817 0005029 270.0357 128.5083  1.00271126 73368
INTELSAT 10 (IS-10)     
1 26766U 01019A   21077.91728035 -.00000105  00000-0  00000-0 0  9997
2 26766   4.5158  77.0088 0004246 299.4083 198.6701  1.00636617 26407
INTELSAT 901 (IS-901)   
1 26824U 01024A   21077.89817569 -.00000203  00000-0  00000+0 0  9994
2 26824   0.0040 144.9846 0000993 212.1249 115.3849  1.00271529 72373
ASTRA 2C                
1 26853U 01025A   21078.21785374  .00000136  00000-0  00000+0 0  9996
2 26853   3.4734  83.2808 0002921 264.7010 291.1258  1.00271047 72368
USA 159 (DSP 21)        
1 26880U 01033A   21078.26416190 -.00000294  00000-0  00000+0 0  9993
2 26880  11.0183  28.5882 0000948 301.2588 253.2078  1.00270725 12409
INTELSAT 902 (IS-902)   
1 26900U 01039A   21078.35403005 -.00000283  00000-0  00000+0 0  9991
2 26900   1.2795  93.8558 0002716 276.6787 243.9299  1.00271434 71558
USA 164 (MILSTAR-2 3)   
1 27168U 02001A   21078.07827433  .00000103  00000-0  00000+0 0  9992
2 27168   9.0425  30.8206 0002132 304.7011 248.4191  1.00272292 12433
ECHOSTAR 7              
1 27378U 02006A   21078.39160792  .00000001  00000-0  00000+0 0  9990
2 27378   0.0161 255.1332 0001484  53.8928 250.3057  1.00259855 69855
INTELSAT 904 (IS-904)   
1 27380U 02007A   21078.34007809 -.00000214  00000-0  00000+0 0  9995
2 27380   2.1155  90.6004 0003338 266.2827 273.1309  1.00271682 69877
TDRS 9                  
1 27389U 02011A   21078.23003876 -.00000285  00000-0  00000+0 0  9995
2 27389   8.0624  64.9215 0027779 287.1433 205.5074  1.00271975 71225
JCSAT-2A                
1 27399U 02015A   21078.19146851  .00000062  00000-0  00000+0 0  9998
2 27399   3.5492  83.1316 0007580 353.7151  54.0763  0.99025612 69400
ASTRA 3A                
1 27400U 02015B   21078.20980362 -.00000202  00000-0  00000+0 0  9993
2 27400   6.4659  61.9559 0001624 282.7122 181.0397  1.00274139 69503
NSS-7                   
1 27414U 02019A   21077.82795306 -.00000157  00000-0  00000-0 0  9991
2 27414   4.8523  74.8036 0002717 291.6750  88.1610  1.00271259 69351
DIRECTV 5 (TEMPO 1)     
1 27426U 02023A   21078.19486661 -.00000056  00000-0  00000+0 0  9998
2 27426   0.0193 196.4370 0003242 163.0547 137.4758  1.00272671 69098
INTELSAT 905 (IS-905)   
1 27438U 02027A   21077.82699347 -.00000185  00000-0  00000-0 0  9995
2 27438   1.9357  91.4330 0002779 258.5679  99.8080  1.00272936 32142
GALAXY 3C (G-3C)        
1 27445U 02030A   21077.54474500 -.00000153  00000-0  00000+0 0  9992
2 27445   0.0239 277.3852 0002094  56.2836 303.6999  1.00277240 68733
EUTELSAT 5 WEST A       
1 27460U 02035A   21078.04621500 -.00000043  00000-0  00000+0 0  9992
2 27460   1.2115  94.1930 0006122 261.0589 193.1835  1.00272907 68539
METEOSAT-8 (MSG-1)      
1 27509U 02040B   21077.56785549  .00000137  00000-0  00000-0 0  9996
2 27509   7.2101  52.8906 0001389 304.6552  64.6143  1.00275256 68042
INTELSAT 906 (IS-906)   
1 27513U 02041A   21077.86210639  .00000014  00000-0  00000-0 0  9992
2 27513   0.9434  95.8094 0003186 264.7273 190.5747  1.00272025 67818
HISPASAT 30W-4          
1 27528U 02044A   21077.62806674  .00000116  00000-0  00000+0 0  9997
2 27528   1.7279  91.4168 0005495 283.7088 244.3382  1.00274050 67727
TDRS 10                 
1 27566U 02055A   21077.74474858  .00000091  00000-0  00000-0 0  9992
2 27566   7.3864  52.3258 0011442 302.2328 278.8585  1.00273217 67013
NSS-6                   
1 27603U 02057A   21078.52740398  .00000108  00000-0  00000+0 0  9996
2 27603   0.4798  96.7579 0004180 255.9523 204.9235  1.00270975 66823
NIMIQ 2                 
1 27632U 02062A   21077.88552875 -.00000176  00000-0  00000-0 0  9990
2 27632   4.9664  73.9466 0009933 316.9419  13.4413  1.00273326 24964
USA 167                 
1 27691U 03008A   21078.22775758  .00000057  00000-0  00000+0 0  9998
2 27691   7.1639  57.3390 0003677 343.4062  88.0727  1.00274699 12413
USA 169 (MILSTAR-2 4)   
1 27711U 03012A   21078.39215601 -.00000192  00000-0  00000+0 0  9991
2 27711   9.4550  43.0880 0002454 312.1163 115.2527  1.00271482 12436
GALAXY 12 (G-12)        
1 27715U 03013B   21077.63838240  .00000058  00000-0  00000-0 0  9993
2 27715   2.1494  90.0742 0001926 265.2656 281.8650  1.00272026 32876
ASIASAT 4               
1 27718U 03014A   21078.53313462  .00000153  00000-0  00000+0 0  9996
2 27718   0.0092 198.0139 0003037 174.2009  35.1956  1.00274913 65710
HELLAS-SAT 2            
1 27811U 03020A   21078.50418785 -.00000151  00000-0  00000+0 0  9997
2 27811   2.5697  89.3408 0003161 257.6634 276.5666  1.00273003 65124
THURAYA-2               
1 27825U 03026A   21077.85332779  .00000129  00000-0  00000-0 0  9998
2 27825   6.2030  33.6797 0005180 322.6690 171.4397  1.00271848 65132
OPTUS C1                
1 27831U 03028B   21077.86293465 -.00000151  00000-0  00000+0 0  9991
2 27831   2.0767  91.3588 0005449 267.1643 284.4601  1.00271888 65102
GALAXY 23 (G-23)        
1 27854U 03034A   21078.47943553  .00000013  00000-0  00000+0 0  9997
2 27854   0.0403 257.9021 0002893 102.8109 228.1119  1.00272802 69331
USA 170                 
1 27875U 03040A   21078.35312722 -.00000271  00000-0  00000+0 0  9999
2 27875   6.4413  62.7853 0001822 310.3090 248.7839  1.00271734 12413
GALAXY 13 (HORIZONS 1)  
1 27954U 03044A   21078.52483556  .00000048  00000-0  00000+0 0  9995
2 27954   0.0339 265.1992 0001098 277.9695  55.9998  1.00270464 63942
YAMAL 202               
1 28089U 03053A   21078.50791991 -.00000079  00000-0  00000+0 0  9993
2 28089   1.5108  92.6856 0004116 291.5583 139.3326  1.00272020 63476
UFO 11 (USA 174)        
1 28117U 03057A   21077.84688324 -.00000097  00000-0  00000-0 0  9991
2 28117   6.3841  37.7505 0006115 341.8652 176.9522  1.00271070 63236
USA 176 (DSP 22)        
1 28158U 04004A   21077.88189678 -.00000215  00000-0  00000-0 0  9993
2 28158   9.5099  37.7392 0000515 284.6497 259.0263  1.00269472 13710
ABS-4 (MOBISAT-1)       
1 28184U 04007A   21078.14400617  .00000041  00000-0  00000+0 0  9999
2 28184   1.1931  93.9735 0005357 271.1169 284.6192  1.00271675 62361
EUTELSAT 7A             
1 28187U 04008A   21077.63096852  .00000104  00000-0  00000+0 0  9998
2 28187   0.9845  91.1099 0003944 278.9855 254.2268  1.00272683 62351
AMC-11 (GE-11)          
1 28252U 04017A   21078.22639340  .00000069  00000-0  00000+0 0  9992
2 28252   0.0085 228.4252 0002867 140.4927 118.5566  1.00271774 61490
INTELSAT 10-02          
1 28358U 04022A   21077.57017164 -.00000012  00000-0  00000+0 0  9995
2 28358   0.0157 170.5018 0001608 175.3265  34.7386  1.00272630 61400
ANIK F2                 
1 28378U 04027A   21077.88142866 -.00000050  00000-0  00000-0 0  9997
2 28378   0.0197 260.2718 0000274 339.7350 142.8620  1.00272878 22053
AMC-15                  
1 28446U 04041A   21078.54057806 -.00000089  00000-0  00000+0 0  9993
2 28446   0.0375 335.2149 0002802  33.3483 258.2908  1.00272700 60137
AMC-16                  
1 28472U 04048A   21078.21031954 -.00000206  00000-0  00000+0 0  9990
2 28472   0.0114 199.0525 0002736 146.4339 182.2095  1.00270103 59601
NSS-10 (AMC-12)         
1 28526U 05003A   21077.82446362 -.00000251  00000-0  00000-0 0  9992
2 28526   1.6690  91.9843 0003061 257.7045  86.2422  1.00272443 33936
XTAR-EUR                
1 28542U 05005A   21078.42726658  .00000151  00000-0  00000+0 0  9995
2 28542   0.0203 153.4293 0002734 203.6705   2.8874  1.00274875 58976
XM-3 (RHYTHM)           
1 28626U 05008A   21078.28579039 -.00000205  00000-0  00000+0 0  9995
2 28626   0.0192 191.6786 0002014 263.5638  99.4871  1.00267958 58858
INMARSAT 4-F1           
1 28628U 05009A   21078.23174395 -.00000259  00000-0  00000+0 0  9998
2 28628   3.3170  30.0557 0002810 335.0666  38.7994  1.00273348 58452
DIRECTV 8               
1 28659U 05019A   21077.55881167 -.00000000  00000-0  00000+0 0  9993
2 28659   0.0137 202.5433 0002938 152.4762 263.4137  1.00272288 57964
GALAXY 28 (G-28)        
1 28702U 05022A   21078.50144382 -.00000185  00000-0  00000+0 0  9997
2 28702   0.0182 138.0606 0002097 202.0011 288.7032  1.00269591 57612
EXPRESS-AM3             
1 28707U 05023A   21077.84899427  .00000134  00000-0  00000-0 0  9990
2 28707   2.4619  88.0486 0001906 161.5675 255.6413  1.00274716 57623
THAICOM 4               
1 28786U 05028A   21078.24285550 -.00000363  00000-0  00000+0 0  9997
2 28786   0.0179 163.8658 0002568 192.3685  27.6864  1.00272405 57110
GALAXY 14 (G-14)        
1 28790U 05030A   21078.20357594 -.00000177  00000-0  00000+0 0  9992
2 28790   0.1337  92.9790 0004344 244.1901 176.5330  1.00531813 57081
ANIK F1R                
1 28868U 05036A   21078.19694243 -.00000075  00000-0  00000+0 0  9994
2 28868   0.0182  84.6827 0002886 285.9194 129.9313  1.00272220 56940
GALAXY 15 (G-15)        
1 28884U 05041A   21078.34716104  .00000079  00000-0  00000+0 0  9999
2 28884   0.0218 238.6115 0001907 140.4648 149.9886  1.00270892 56413
SYRACUSE 3A             
1 28885U 05041B   21077.82341330  .00000128  00000-0  00000-0 0  9993
2 28885   0.0028 186.8839 0003167 186.4672 146.6606  1.00268971 56539
INMARSAT 4-F2           
1 28899U 05044A   21077.86210618  .00000011  00000-0  00000-0 0  9990
2 28899   3.1849  32.7379 0002696 327.6236 190.5163  1.00273033 56304
TELKOM 2                
1 28902U 05046A   21077.86319637 -.00000139  00000-0  00000-0 0  9990
2 28902   0.0298 257.8467 0001968 180.8276 205.6706  1.00271463 56222
SPACEWAY 2              
1 28903U 05046B   21077.63094329  .00000103  00000-0  00000+0 0  9993
2 28903   0.8340  92.1335 0000322 192.9350 339.5579  1.00272954 56279
METEOSAT-9 (MSG-2)      
1 28912U 05049B   21077.26570976  .00000016  00000-0  00000-0 0  9996
2 28912   5.0121  68.8874 0000998 254.5416 311.5556  1.00271595 55812
EUTELSAT 174A           
1 28924U 05052A   21077.86659856  .00000009  00000-0  00000-0 0  9996
2 28924   0.0562 357.9065 0006054 359.7977 304.8899  1.00271584 33114
ECHOSTAR 10             
1 28935U 06003A   21078.19486705 -.00000056  00000-0  00000+0 0  9995
2 28935   0.0367 322.3490 0001405  19.2607 155.2963  1.00271794 55308
SPAINSAT                
1 28945U 06007A   21077.59340805 -.00000217  00000-0  00000-0 0  9993
2 28945   0.0395 241.9721 0003577  88.9998  28.9954  1.00270765 54998
EUTELSAT HOT BIRD 13E   
1 28946U 06007B   21078.52202333  .00000087  00000-0  00000+0 0  9994
2 28946   0.0516 230.5378 0001681 147.8284 359.8172  1.00273576 55085
JCSAT-5A                
1 29045U 06010A   21078.00181193 -.00000329  00000-0  00000+0 0  9992
2 29045   0.0103 204.1044 0002604 193.4050 271.9452  1.00270706 54726
ASTRA 1KR               
1 29055U 06012A   21077.83571705  .00000119  00000-0  00000-0 0  9994
2 29055   0.0538 269.3258 0002663  29.8514 197.4580  1.00273913 26514
EWS-G1 (GOES 13)        
1 29155U 06018A   21077.77757804  .00000035  00000-0  00000-0 0  9997
2 29155   0.3444 275.2427 0003311 330.6656 272.1360  1.00271762 24154
EUTELSAT 113 WEST A     
1 29162U 06020A   21078.19307427 -.00000038  00000-0  00000+0 0  9990
2 29162   0.0148 243.4391 0003049 122.2317 127.7624  1.00272235 54252
GALAXY 16 (G-16)        
1 29236U 06023A   21078.49453361 -.00000127  00000-0  00000+0 0  9996
2 29236   0.0209 254.1792 0002833 125.2132 236.8678  1.00271711 54051
EUTELSAT HOT BIRD 13B   
1 29270U 06032A   21077.90620139  .00000086  00000-0  00000-0 0  9992
2 29270   0.0758 337.1805 0004757   7.8875 170.7995  1.00272715 28099
JCSAT-3A                
1 29272U 06033A   21077.90909531 -.00000346  00000-0  00000-0 0  9991
2 29272   0.0213 131.4335 0001782 241.0943 259.4205  1.00272203 28522
SYRACUSE 3B             
1 29273U 06033B   21078.13452265 -.00000044  00000-0  00000+0 0  9999
2 29273   0.0150 141.6390 0003858 226.4468 212.0216  1.00271850 53535
KOREASAT 5 (MUGUNGWHA 5)
1 29349U 06034A   21078.34008014 -.00000359  00000-0  00000+0 0  9995
2 29349   0.0154 183.1721 0001276 229.0937   0.3003  1.00273766 53422
DIRECTV 9S              
1 29494U 06043A   21078.20006559 -.00000114  00000-0  00000+0 0  9992
2 29494   0.0213 217.2160 0003240 150.0204 140.5337  1.00272494 52892
OPTUS D1                
1 29495U 06043B   21077.86380701 -.00000112  00000-0  00000-0 0  9997
2 29495   0.0178 262.4561 0003488  94.1637 290.9633  1.00272265 52909
XM-4 (BLUES)            
1 29520U 06049A   21078.39445484 -.00000024  00000-0  00000+0 0  9992
2 29520   0.0129 168.3722 0000642 172.1909 223.3017  1.00281012 52787
BADR-4                  
1 29526U 06051A   21078.26160368  .00000144  00000-0  00000+0 0  9994
2 29526   0.0592 331.7324 0005314  12.2642 313.2049  1.00269355 52678
WILDBLUE-1              
1 29643U 06054A   21078.47178560 -.00000049  00000-0  00000+0 0  9998
2 29643   0.0171 127.4436 0001720 219.9972 248.4347  1.00271919 52336
AMC-18                  
1 29644U 06054B   21078.21197675 -.00000216  00000-0  00000+0 0  9995
2 29644   0.0143 259.4616 0002508  93.7578 177.0625  1.00272207 52345
MEASAT-3                
1 29648U 06056A   21077.99369899 -.00000242  00000-0  00000+0 0  9993
2 29648   0.0320 143.3704 0001348 280.5062 202.0818  1.00272509 52348
INSAT-4B                
1 30793U 07007A   21077.84897691 -.00000190  00000-0  00000-0 0  9996
2 30793   1.1009  94.6163 0005767 217.5216 255.6096  1.00272898 22995
SKYNET 5A               
1 30794U 07007B   21077.95297760 -.00000272  00000-0  00000+0 0  9990
2 30794   1.2219  90.9123 0003350 270.2258 253.8160  1.00272296 51438
ANIK F3                 
1 31102U 07009A   21078.39160859 -.00000001  00000-0  00000+0 0  9993
2 31102   0.0028 190.8693 0002239 169.6206 198.9079  1.00272244 51125
ASTRA 1L                
1 31306U 07016A   21078.26716064  .00000119  00000-0  00000+0 0  9997
2 31306   0.0661 305.9929 0004503  22.9321 323.4451  1.00273311 50821
GALAXY 17 (G-17)        
1 31307U 07016B   21078.20699671 -.00000175  00000-0  00000+0 0  9999
2 31307   0.0218 183.4681 0003178 168.7391 168.2802  1.00271066 50861
ZHONGXING-6B            
1 31800U 07031A   21078.33452306 -.00000362  00000-0  00000+0 0  9998
2 31800   0.0088 174.0504 0004145 175.9121  63.0508  1.00272243 50267
DIRECTV 10              
1 31862U 07032A   21078.41044883 -.00000104  00000-0  00000+0 0  9997
2 31862   0.0278 348.6419 0000044 315.5717 277.9055  1.00272703 50193
SPACEWAY 3              
1 32018U 07036A   21078.50418856 -.00000152  00000-0  00000+0 0  9993
2 32018   0.0410 343.1132 0000263 290.1183 350.5829  1.00272448 49916
BSAT-3A                 
1 32019U 07036B   21078.34008014 -.00000350  00000-0  00000+0 0  9997
2 32019   0.0540 235.6014 0001303  45.2102 128.5476  1.00271072 49857
OPTUS D2                
1 32252U 07044A   21078.46470179 -.00000184  00000-0  00000+0 0  9998
2 32252   0.0158 228.9063 0003697 125.4957 142.0852  1.00271904 49232
INTELSAT 11 (IS-11)     
1 32253U 07044B   21078.03871271 -.00000269  00000-0  00000+0 0  9994
2 32253   0.0107 136.2889 0001749 218.8741 152.5765  1.00273250 49312
WGS F1 (USA 195)        
1 32258U 07046A   21077.90489285  .00000040  00000-0  00000-0 0  9993
2 32258   0.0116 176.2793 0001187 182.6929 149.4646  1.00272343 33168
STAR ONE C1             
1 32293U 07056A   21078.51578510 -.00000277  00000-0  00000+0 0  9993
2 32293   0.0488 280.4268 0002876  81.5245 295.9865  1.00273313 48892
SKYNET 5B               
1 32294U 07056B   21077.85036272  .00000141  00000-0  00000-0 0  9994
2 32294   0.4027  86.8135 0004229 277.8550 143.1706  1.00275160 48980
ASTRA 4A (SIRIUS 4)     
1 32299U 07057A   21078.13452265  .00000032  00000-0  00000+0 0  9994
2 32299   0.0089 173.6735 0002536 181.8481 234.6007  1.00270540 48747
HORIZONS 2              
1 32388U 07063B   21078.08131953 -.00000183  00000-0  00000+0 0  9990
2 32388   0.0206 207.2195 0002941 150.3713 293.3696  1.00270751 48661
THURAYA-3               
1 32404U 08001A   21077.86581503 -.00000302  00000-0  00000-0 0  9991
2 32404   3.8187  15.0612 0004838 339.4735 232.2813  1.00273130 48273
EXPRESS-AM33            
1 32478U 08003A   21077.51054442 -.00000282  00000-0  00000-0 0  9990
2 32478   0.0465 305.8918 0000874 157.0990 353.5461  1.00272624 34520
THOR 5                  
1 32487U 08006A   21078.30645660 -.00000009  00000-0  00000+0 0  9995
2 32487   0.0411 259.6825 0002372  95.6409 291.2960  1.00273611 47962
AMC-14                  
1 32708U 08011A   21078.07827433  .00000086  00000-0  00000+0 0  9995
2 32708  21.3927  43.9007 0044601 357.8631 181.2299  1.00275059 48886
DIRECTV 11              
1 32729U 08013A   21078.49453392 -.00000126  00000-0  00000+0 0  9991
2 32729   0.0172  16.4769 0000138  16.7679 222.8514  1.00272476 47729
ICO G1                  
1 32763U 08016A   21078.49872935 -.00000170  00000-0  00000+0 0  9999
2 32763   3.7226  18.2629 0002189 339.3798 266.2954  1.00271673 47252
VINASAT-1               
1 32767U 08018A   21078.28105090 -.00000329  00000-0  00000+0 0  9999
2 32767   0.0169 227.2861 0001832 163.8220  19.0411  1.00273398 47388
STAR ONE C2             
1 32768U 08018B   21078.51325574 -.00000265  00000-0  00000+0 0  9996
2 32768   0.0232 141.5096 0001496 233.1421 277.3930  1.00272377 47334
TIANLIAN 1-01           
1 32779U 08019A   21077.91954847 -.00000138  00000-0  00000-0 0  9993
2 32779   4.7208  71.3111 0034532 266.0982 250.2370  1.00270218 47253
AMOS-3                  
1 32794U 08022A   21078.13452265 -.00000036  00000-0  00000+0 0  9992
2 32794   0.0295 123.6649 0001955 220.5428 236.9728  1.00272971 47239
GALAXY 18 (G-18)        
1 32951U 08024A   21078.23193501  .00000025  00000-0  00000+0 0  9992
2 32951   0.0010 136.5833 0002916 224.4918 136.3898  1.00272431 46873
CHINASAT 9 (ZX 9)       
1 33051U 08028A   21077.99387347 -.00000248  00000-0  00000+0 0  9991
2 33051   0.0187 235.6959 0004382 144.6743 246.3451  1.00270288 46794
SKYNET 5C               
1 33055U 08030A   21078.19998868 -.00000140  00000-0  00000+0 0  9998
2 33055   0.0613   7.1371 0003093   5.2274 218.7249  1.00272362 46682
TURKSAT 3A              
1 33056U 08030B   21077.85580862  .00000145  00000-0  00000-0 0  9997
2 33056   0.0555  88.6139 0004242 283.2041 154.8531  1.00272384 33146
INTELSAT 25 (IS-25)     
1 33153U 08034A   21077.82568493 -.00000225  00000-0  00000-0 0  9992
2 33153   0.0178 218.5330 0003148 129.4754  94.3204  1.00272220 46483
BADR-6                  
1 33154U 08034B   21078.26160368  .00000144  00000-0  00000+0 0  9999
2 33154   0.0722  53.9532 0005744 332.6626 270.5478  1.00272873 46535
ECHOSTAR 11             
1 33207U 08035A   21078.19486701 -.00000057  00000-0  00000+0 0  9997
2 33207   0.0165 235.4775 0002533 139.5933 122.0274  1.00272274 46449
SUPERBIRD-C2            
1 33274U 08038A   21078.45998080 -.00000251  00000-0  00000+0 0  9997
2 33274   0.0097 177.8107 0001801 204.0901 104.8351  1.00272862 46172
AMC-21                  
1 33275U 08038B   21078.47769642  .00000036  00000-0  00000+0 0  9990
2 33275   0.0150 216.2576 0002442 136.4943 231.5491  1.00269169 46255
INMARSAT 4-F3           
1 33278U 08039A   21078.20279656 -.00000139  00000-0  00000+0 0  9991
2 33278   3.1874  15.1201 0002677 354.9799 141.8600  1.00271938 46052
NIMIQ 4                 
1 33373U 08044A   21078.18345632 -.00000221  00000-0  00000+0 0  9990
2 33373   0.0174 143.6640 0002587 216.7087 160.6086  1.00271642 45627
GALAXY 19 (G-19)        
1 33376U 08045A   21078.20357564 -.00000140  00000-0  00000+0 0  9994
2 33376   0.0107 136.7249 0002911 230.4297 146.0802  1.00271756 45621
ASTRA 1M                
1 33436U 08057A   21078.07827433  .00000119  00000-0  00000+0 0  9991
2 33436   0.0173 139.5545 0001581 266.6181 178.0159  1.00272615 45261
CIEL-2                  
1 33453U 08063A   21078.22826641  .00000058  00000-0  00000+0 0  9996
2 33453   0.0298 243.0782 0002839 118.7611 128.4636  1.00271425 44923
EUTELSAT HOT BIRD 13C   
1 33459U 08065A   21077.90620139  .00000086  00000-0  00000-0 0  9994
2 33459   0.0113 345.8572 0004579  43.4467 126.5725  1.00271333 28130
EUTELSAT 48D            
1 33460U 08065B   21078.13452265 -.00000101  00000-0  00000+0 0  9993
2 33460   0.3299  99.1945 0003687 248.3670 225.2796  1.00272019 44892
FENGYUN 2E              
1 33463U 08066A   21077.92094425 -.00000201  00000-0  00000-0 0  9995
2 33463   4.9174  67.5642 0003501 331.3582 195.6083  1.00279547 44870
EXPRESS-AM44            
1 33595U 09007A   21078.34809020 -.00000089  00000-0  00000+0 0  9992
2 33595   0.0433 303.1459 0000850 213.7793 134.4819  1.00273419 44349
NSS-9                   
1 33749U 09008A   21078.43771797  .00000071  00000-0  00000+0 0  9993
2 33749   0.0166 236.2263 0002101 118.2058 163.3917  1.00271657 44359
EUTELSAT 33E            
1 33750U 09008B   21077.82012233  .00000154  00000-0  00000-0 0  9993
2 33750   0.0544 359.8172 0004282 357.1802 147.9256  1.00269538 44231
TELSTAR 11N             
1 34111U 09009A   21078.28868868 -.00000251  00000-0  00000+0 0  9998
2 34111   0.0003 188.7642 0002551 152.8374 261.8036  1.00270924 44205
EUTELSAT 10A            
1 34710U 09016A   21078.28868868  .00000067  00000-0  00000+0 0  9995
2 34710   0.0677   0.0888 0005516   2.5440 288.3327  1.00269907 43759
WGS F2 (USA 204)        
1 34713U 09017A   21078.20119125  .00000068  00000-0  00000+0 0  9997
2 34713   0.0677 100.4845 0000627 260.7731 305.5789  1.00270095 43720
SES-7 (PROTOSTAR 2)     
1 34941U 09027A   21078.34008014 -.00000346  00000-0  00000+0 0  9990
2 34941   0.0451  95.8567 0001379 204.9258 106.9919  1.00274666 43401
MEASAT-3A               
1 35362U 09032A   21078.35241035 -.00000242  00000-0  00000+0 0  9992
2 35362   0.0353 214.9432 0001161 107.2761  73.2567  1.00271950 43024
GOES 14                 
1 35491U 09033A   21078.49097858 -.00000093  00000-0  00000+0 0  9997
2 35491   0.0969 137.4792 0010397  87.7286  24.4127  1.00273301 42945
FM-5                    
1 35493U 09034A   21078.42171622 -.00000200  00000-0  00000+0 0  9995
2 35493   0.0346 310.1249 0000301  37.0190 255.6932  1.00269871 42768
TERRESTAR-1             
1 35496U 09035A   21078.19413120 -.00000056  00000-0  00000+0 0  9994
2 35496   2.6972  26.6991 0002818 334.0093 135.1182  1.00272262 42941
ASIASAT 5               
1 35696U 09042A   21077.86679491 -.00000308  00000-0  00000+0 0  9992
2 35696   0.0217 245.5718 0001662  89.5071 254.0687  1.00274574 42455
JCSAT-RA (JCSAT-12)     
1 35755U 09044A   21078.39512910 -.00000032  00000-0  00000+0 0  9995
2 35755   0.0225 226.9513 0002069 127.7041 133.6355  1.00270232 42451
OPTUS D3                
1 35756U 09044B   21078.46753279 -.00000148  00000-0  00000+0 0  9997
2 35756   0.0161 342.7384 0004455  15.1989 143.5977  1.00269991 42423
PALAPA D                
1 35812U 09046A   21077.19751457 -.00000360  00000-0  00000-0 0  9994
2 35812   0.8184  94.2056 0002755 321.1323 304.6752  1.00274054 42457
NIMIQ 5                 
1 35873U 09050A   21078.35942062 -.00000257  00000-0  00000+0 0  9993
2 35873   0.0181 202.7638 0002595 170.4459 220.5947  1.00271376 42133
AMAZONAS 2              
1 35942U 09054A   21078.03504882 -.00000283  00000-0  00000+0 0  9992
2 35942   0.0251 145.8399 0001773 270.3011  72.2449  1.00270635 41966
COMSATBW-1              
1 35943U 09054B   21077.91623351  .00000024  00000-0  00000-0 0  9995
2 35943   0.0156 161.0962 0002386 223.3807 185.0289  1.00271693 42094
NSS-12                  
1 36032U 09058A   21078.20119125  .00000071  00000-0  00000+0 0  9992
2 36032   0.0253 297.6734 0002621  66.4491 302.2616  1.00274104 41694
THOR 6                  
1 36033U 09058B   21078.13452265 -.00000010  00000-0  00000+0 0  9994
2 36033   0.0095 177.8621 0001778 174.7236 231.8614  1.00273376 41757
INTELSAT 14 (IS-14)     
1 36097U 09064A   21078.18098295 -.00000274  00000-0  00000+0 0  9997
2 36097   0.0141 210.8497 0002432 140.4809 205.7476  1.00273804 41484
EUTELSAT 36B            
1 36101U 09065A   21078.25743684  .00000155  00000-0  00000+0 0  9998
2 36101   0.0665 359.4572 0004963   0.8848 305.2459  1.00270675 41590
INTELSAT 15 (IS-15)     
1 36106U 09067A   21078.43729972 -.00000186  00000-0  00000+0 0  9994
2 36106   0.0185 138.1737 0002235 219.4137  62.1736  1.00272699 41399
WGS F3 (USA 211)        
1 36108U 09068A   21078.32896385 -.00000097  00000-0  00000+0 0  9999
2 36108   0.0182 177.7237 0000972 331.9345 133.8374  1.00270790 41304
DIRECTV 12              
1 36131U 09075A   21078.19920485 -.00000104  00000-0  00000+0 0  9996
2 36131   0.0154 266.3409 0000073 161.0818  78.5251  1.00272367 41170
BEIDOU 3                
1 36287U 10001A   21078.36235521 -.00000281  00000-0  00000+0 0  9994
2 36287   1.7404  42.0095 0003166  89.4024 316.5266  1.00269743 40956
RADUGA-1M 2             
1 36358U 10002A   21078.08131953 -.00000184  00000-0  00000+0 0  9999
2 36358   0.0636 248.2647 0002409 166.7906 236.0522  1.00271896 40799
SDO                     
1 36395U 10005A   21075.62927304 -.00000059  00000-0  00000-0 0  9995
2 36395  30.7954 116.7362 0001035 272.3615 269.8567  1.00276006 40826
INTELSAT 16 (IS-16)     
1 36397U 10006A   21077.81661240 -.00000245  00000-0  00000-0 0  9992
2 36397   0.0200 144.0921 0001985 211.5200  38.7411  1.00272835 40564
GOES 15                 
1 36411U 10008A   21077.63843834  .00000055  00000-0  00000+0 0  9999
2 36411   0.1458 246.8946 0003948 146.4824 244.4429  1.00272361 40440
ECHOSTAR 14             
1 36499U 10010A   21078.18872994 -.00000000  00000-0  00000+0 0  9999
2 36499   0.0180 204.5187 0002661 150.4819 130.9846  1.00272394 40320
SES-1                   
1 36516U 10016A   21077.88352233 -.00000115  00000-0  00000-0 0  9998
2 36516   0.0475 290.4768 0002460  65.2805  37.9474  1.00272573 39826
ASTRA 3B                
1 36581U 10021A   21078.22137498  .00000136  00000-0  00000+0 0  9990
2 36581   0.0473  48.3277 0003223 302.7999 289.0364  1.00269072 39437
COMSATBW-2              
1 36582U 10021B   21078.12827312  .00000088  00000-0  00000+0 0  9997
2 36582   0.0170 163.6065 0002282 208.9082 223.7137  1.00274129 39771
BADR-5                  
1 36592U 10025A   21077.85112601  .00000144  00000-0  00000+0 0  9992
2 36592   0.0339 123.8566 0001525 281.4057 103.7222  1.00271573 39682
COMS 1                  
1 36744U 10032A   21077.90909510 -.00000345  00000-0  00000-0 0  9993
2 36744   0.0144 152.0602 0000827 193.8398 286.2135  1.00271255 31878
ARABSAT-5A              
1 36745U 10032B   21077.83798517  .00000153  00000-0  00000-0 0  9995
2 36745   0.0588  22.6997 0002602  16.9658 109.1319  1.00277405 39437
ECHOSTAR 15             
1 36792U 10034A   21078.50655550 -.00000282  00000-0  00000+0 0  9996
2 36792   0.0113 228.6123 0001773 115.8821 313.4537  1.00274723 39185
BEIDOU 5                
1 36828U 10036A   21077.56697707 -.00000151  00000-0  00000-0 0  9999
2 36828  54.1736 180.4403 0108694 234.4186  83.4181  1.00289502 38992
NILESAT 201             
1 36830U 10037A   21078.32896385 -.00000058  00000-0  00000+0 0  9996
2 36830   0.0388 179.2133 0005076 197.0749 272.2055  1.00272416 39077
RASCOM-QAF 1R           
1 36831U 10037B   21078.04778524  .00000017  00000-0  00000+0 0  9994
2 36831   0.0082 171.6710 0004745 185.4191 199.8039  1.00270744 39078
AEHF-1 (USA 214)        
1 36868U 10039A   21078.04804696  .00000026  00000-0  00000+0 0  9996
2 36868   3.4051  93.1935 0004323 315.0094 149.8948  1.00270365 39223
CHINASAT 6A (ZX 6A)     
1 37150U 10042A   21078.23729834 -.00000354  00000-0  00000+0 0  9991
2 37150   0.0433 124.3475 0002022 117.2017 145.9402  1.00273558 38691
QZS-1 (MICHIBIKI-1)     
1 37158U 10045A   21077.50221425 -.00000163  00000-0  00000+0 0  9992
2 37158  41.8729 139.7351 0749529 270.0478  86.3390  1.00291721 38496
XM-5                    
1 37185U 10053A   21077.88675005 -.00000206  00000-0  00000+0 0  9997
2 37185   0.0142 192.8450 0005559  35.0280 182.8364  1.00272541 38234
BSAT-3B                 
1 37207U 10056B   21077.99736292 -.00000351  00000-0  00000+0 0  9994
2 37207   0.0713 316.7946 0003635  25.6431 303.2110  1.00273960 38050
BEIDOU 6                
1 37210U 10057A   21077.86380701 -.00000114  00000-0  00000-0 0  9993
2 37210   0.9845  55.3156 0003013 190.9682  41.2576  1.00270375 38065
SKYTERRA 1              
1 37218U 10061A   21077.88352233 -.00000117  00000-0  00000-0 0  9990
2 37218   2.1327  12.8442 0003939  14.8948   5.6353  1.00272929 37988
ZHONGXING-20A           
1 37234U 10064A   21077.92888272 -.00000351  00000-0  00000-0 0  9993
2 37234   1.5227  93.7268 0002789 306.9088 236.8546  1.00268103 37817
HYLAS 1                 
1 37237U 10065A   21078.38352229 -.00000363  00000-0  00000+0 0  9998
2 37237   0.7887  94.5823 0002133 250.0346  87.7358  1.00268717 37790
INTELSAT 17 (IS-17)     
1 37238U 10065B   21077.86369222 -.00000002  00000-0  00000+0 0  9992
2 37238   0.0176 198.6820 0002548 170.8614 183.9918  1.00271425 37707
BEIDOU 7                
1 37256U 10068A   21078.26449198 -.00000185  00000-0  00000+0 0  9993
2 37256  51.0128 295.0678 0082122 215.9073 240.5748  1.00284964 37588
EUTELSAT KA-SAT 9A      
1 37258U 10069A   21078.13452265  .00000061  00000-0  00000+0 0  9993
2 37258   0.0501 284.5739 0002704 184.4368 125.3459  1.00272919 37604
HISPASAT 30W-5          
1 37264U 10070A   21078.28868868 -.00000217  00000-0  00000+0 0  9992
2 37264   0.0391 119.1407 0002758 257.8613 233.9623  1.00271529 37458
KOREASAT 6              
1 37265U 10070B   21077.99858421 -.00000363  00000-0  00000+0 0  9996
2 37265   0.0220  98.2556 0001631 291.0286 262.9506  1.00275659 37479
BEIDOU 8                
1 37384U 11013A   21078.17297596 -.00000164  00000-0  00000+0 0  9996
2 37384  59.6541  58.8099 0053974 207.6824  92.4535  1.00279056 36459
INTELSAT NEW DAWN       
1 37392U 11016A   21077.81725110  .00000154  00000-0  00000-0 0  9995
2 37392   0.0250 227.8479 0000680 236.0326  39.6813  1.00271886 34086
YAHSAT 1A               
1 37393U 11016B   21078.24632804  .00000100  00000-0  00000+0 0  9991
2 37393   0.0129 231.9530 0000896  24.8179  61.4067  1.00272721 36348
SBIRS GEO-1 (USA 230)   
1 37481U 11019A   21077.86361824 -.00000008  00000-0  00000+0 0  9998
2 37481   1.8484 357.0125 0001751   9.5825 187.1146  1.00272349 36124
TELSTAR 14R             
1 37602U 11021A   21077.89110958 -.00000281  00000-0  00000+0 0  9992
2 37602   0.0441 349.5973 0002407  25.8830  58.9635  1.00272142 36574
GSAT-8                  
1 37605U 11022A   21078.20119125  .00000084  00000-0  00000+0 0  9997
2 37605   0.0195 177.7942 0006076 116.3028  10.3763  1.00272863 36025
ST-2                    
1 37606U 11022B   21077.94511531 -.00000213  00000-0  00000-0 0  9991
2 37606   0.0116 160.1440 0000921 229.2280 215.5797  1.00272890 36065
CHINASAT 10 (ZX 10)     
1 37677U 11026A   21077.94757434 -.00000353  00000-0  00000-0 0  9992
2 37677   0.0365 237.1594 0002730 319.7498  71.4369  1.00273567 35773
TIANLIAN 1-02           
1 37737U 11032A   21078.57106838 -.00000016  00000-0  00000+0 0  9997
2 37737   2.1124  73.7908 0012073 103.8381  16.1876  1.00271849 35515
GSAT-12                 
1 37746U 11034A   21078.25188255  .00000125  00000-0  00000+0 0  9997
2 37746   0.2472  98.2352 0009168 335.3994 241.9071  1.00273642 35741
SES-3                   
1 37748U 11035A   21078.19920421 -.00000102  00000-0  00000+0 0  9998
2 37748   0.0066  21.6193 0002817 340.7521 143.2765  1.00272200 35487
KAZSAT-2                
1 37749U 11035B   21078.07863440 -.00000198  00000-0  00000+0 0  9998
2 37749   0.0525 301.2164 0000864 136.6955 213.7363  1.00269975 35354
BEIDOU 9                
1 37763U 11038A   21077.95948712 -.00000082  00000-0  00000-0 0  9992
2 37763  54.4636 182.8637 0079389 224.4662 209.8120  1.00283786 35435
ASTRA 1N                
1 37775U 11041A   21078.26716064  .00000119  00000-0  00000+0 0  9996
2 37775   0.0496   3.7255 0004945  12.7062 275.9409  1.00273045 35187
BSAT-3C (JCSAT-110R)    
1 37776U 11041B   21077.99736292 -.00000351  00000-0  00000+0 0  9990
2 37776   0.0206 257.5506 0000034 237.4703 150.7308  1.00271407 35300
PAKSAT-1R               
1 37779U 11042A   21077.82341330  .00000152  00000-0  00000-0 0  9990
2 37779   0.0554 331.5463 0008777  48.4853 130.9824  1.00273123 35267
CHINASAT 1A (ZX 1A)     
1 37804U 11047A   21078.06856519 -.00000339  00000-0  00000+0 0  9998
2 37804   0.0598 304.3938 0002178  42.7000 344.2138  1.00271728 34850
SES-2                   
1 37809U 11049A   21078.50229056 -.00000196  00000-0  00000+0 0  9995
2 37809   0.0193 247.4860 0002828 103.7097 279.8733  1.00272978 34787
ARABSAT-5C              
1 37810U 11049B   21078.26716064  .00000123  00000-0  00000+0 0  9999
2 37810   0.0622  18.2972 0001123  21.3582 253.5149  1.00273175 34695
EUTELSAT 7 WEST A       
1 37816U 11051A   21078.15006373 -.00000061  00000-0  00000+0 0  9993
2 37816   0.0937  54.8777 0001069 147.8600  20.8980  1.00273118 34755
QUETZSAT 1              
1 37826U 11054A   21078.49707034 -.00000242  00000-0  00000+0 0  9997
2 37826   0.0110 215.2853 0002753 151.1248 272.7782  1.00272998 34881
INTELSAT 18 (IS-18)     
1 37834U 11056A   21077.86781986  .00000052  00000-0  00000+0 0  9994
2 37834   0.0037  62.4617 0001853 300.6133 305.9527  1.00273099 34634
EUTELSAT 16A            
1 37836U 11057A   21078.07827433  .00000103  00000-0  00000+0 0  9996
2 37836   0.0680  12.3349 0004812 350.9773 217.6782  1.00272152 34576
VIASAT-1                
1 37843U 11059A   21078.19130446 -.00000024  00000-0  00000+0 0  9993
2 37843   0.0047 150.2721 0002398 202.4162 137.9986  1.00272913 35067
ASIASAT 7               
1 37933U 11069A   21078.48888038 -.00000334  00000-0  00000+0 0  9997
2 37933   0.0196 140.3256 0001668 202.6789 115.7348  1.00271914 34257
BEIDOU 10               
1 37948U 11073A   21078.27688791 -.00000128  00000-0  00000+0 0  9990
2 37948  51.1055 294.6830 0069530 214.7638 223.3621  1.00276168 34193
LUCH 5A                 
1 37951U 11074B   21078.56827359 -.00000045  00000-0  00000+0 0  9990
2 37951   3.9021 107.4660 0004247 288.3313 153.0791  1.00273934 33989
NIGCOMSAT 1R            
1 38014U 11077A   21077.85580898  .00000143  00000-0  00000-0 0  9998
2 38014   0.0484 326.4350 0000324  69.0370 131.7073  1.00272851 33746
FENGYUN 2F              
1 38049U 12002A   21077.92600394 -.00000358  00000-0  00000-0 0  9996
2 38049   2.7000  82.5475 0004165  42.9175 136.4290  1.00280062 33673
WGS F4 (USA 233)        
1 38070U 12003A   21078.07712968 -.00000215  00000-0  00000+0 0  9990
2 38070   0.0110 166.3235 0000289  98.5165  28.1428  1.00271496 33507
SES-4                   
1 38087U 12007A   21078.34778814 -.00000169  00000-0  00000+0 0  9992
2 38087   0.0094 230.1554 0002108 131.6191 278.5211  1.00270311 33270
BEIDOU 11               
1 38091U 12008A   21077.75535409  .00000056  00000-0  00000+0 0  9997
2 38091   1.3625  64.8578 0008247 302.7928 139.4720  1.00274404 33262
MUOS-1                  
1 38093U 12009A   21077.88360956 -.00000126  00000-0  00000-0 0  9997
2 38093   2.5798  17.5585 0059087 359.0399  18.1304  1.00270979 33237
INTELSAT 22 (IS-22)     
1 38098U 12011A   21077.76842432 -.00000060  00000-0  00000-0 0  9993
2 38098   0.0190 133.4011 0002768 232.3548 159.4970  1.00272174 32603
APSTAR 7                
1 38107U 12013A   21077.94458903 -.00000102  00000-0  00000+0 0  9998
2 38107   0.0200 131.6501 0003088 244.5854 217.0167  1.00271866 32955
YAHSAT 1B               
1 38245U 12016A   21078.25188255  .00000126  00000-0  00000+0 0  9994
2 38245   0.0129 166.0613 0001559 200.2519 308.9688  1.00272026 32702
AEHF-2 (USA 235)        
1 38254U 12019A   21078.51398828 -.00000275  00000-0  00000+0 0  9991
2 38254   2.4594  54.6464 0005196   2.4707 237.5202  1.00277320 32466
JCSAT-13                
1 38331U 12023A   21077.84338941 -.00000358  00000-0  00000-0 0  9990
2 38331   0.0118 217.8853 0001610 180.7488 205.5754  1.00270263 32316
VINASAT-2               
1 38332U 12023B   21078.00172470 -.00000329  00000-0  00000+0 0  9990
2 38332   0.0294 288.4557 0002447  80.7641 299.9940  1.00274173 32404
NIMIQ 6                 
1 38342U 12026A   21078.20699767 -.00000174  00000-0  00000+0 0  9997
2 38342   0.0146 187.8683 0002295 165.4094 167.1125  1.00270254 32381
CHINASAT 2A (ZX 2A)     
1 38352U 12028A   21077.86596199 -.00000294  00000-0  00000-0 0  9990
2 38352   0.0511 316.8600 0002464  73.5925 196.1694  1.00272327 32163
INTELSAT 19 (IS-19)     
1 38356U 12030A   21078.47419215 -.00000057  00000-0  00000+0 0  9994
2 38356   0.0157 142.8664 0002949 214.8406 156.2240  1.00272002 32302
ECHOSTAR 17             
1 38551U 12035A   21078.40781691 -.00000075  00000-0  00000+0 0  9999
2 38551   0.0236 189.2002 0001896 164.5060 223.1670  1.00269739 31915
METEOSAT-10 (MSG-3)     
1 38552U 12035B   21077.83371062  .00000059  00000-0  00000-0 0  9995
2 38552   1.2154   1.9797 0000878 354.9933 128.9764  1.00269323 31647
SES-5                   
1 38652U 12036A   21078.16039802  .00000033  00000-0  00000+0 0  9998
2 38652   0.0066 145.4594 0001859 204.0996 250.0672  1.00272092 31855
TIANLIAN 1-03           
1 38730U 12040A   21078.26716064  .00000125  00000-0  00000+0 0  9995
2 38730   0.8849  97.8688 0006952 290.0768 265.6134  1.00273549 31778
INTELSAT 20 (IS-20)     
1 38740U 12043A   21077.84557470 -.00000025  00000-0  00000-0 0  9997
2 38740   0.0223 148.4983 0001220  29.4258  11.5719  1.00270319 31532
HYLAS 2                 
1 38741U 12043B   21077.83807241  .00000153  00000-0  00000-0 0  9992
2 38741   0.0226 196.4911 0001785 149.5366 163.3017  1.00268111 31556
INTELSAT 21 (IS-21)     
1 38749U 12045A   21078.22696645 -.00000285  00000-0  00000+0 0  9996
2 38749   0.0157 210.4500 0001948 146.9973 203.2422  1.00272746 31423
ASTRA 2F                
1 38778U 12051A   21077.77132833  .00000149  00000-0  00000-0 0  9997
2 38778   0.0750 240.1193 0002201  32.9545 209.3011  1.00272606 21890
GSAT-10                 
1 38779U 12051B   21078.07907413 -.00000166  00000-0  00000+0 0  9995
2 38779   0.0475 261.0907 0001369   8.3993  18.8213  1.00271651 31075
INTELSAT 23 (IS-23)     
1 38867U 12057A   21078.23023778 -.00000285  00000-0  00000+0 0  9992
2 38867   0.0104 206.6086 0001554 147.6731 212.5781  1.00269803 30896
BEIDOU 16               
1 38953U 12059A   21077.94376964 -.00000175  00000-0  00000-0 0  9994
2 38953   1.7517  84.8252 0009692 276.3579 239.2594  1.00269381 30833
LUCH 5B                 
1 38977U 12061A   21078.28313431 -.00000133  00000-0  00000+0 0  9994
2 38977   6.3251  65.8269 0002846 318.0789 238.7541  1.00272090 30964
YAMAL 300K              
1 38978U 12061B   21078.02565319  .00000071  00000-0  00000+0 0  9991
2 38978   0.0176 219.5410 0000906  34.7980 114.6210  1.00274341 30661
STAR ONE C3             
1 38991U 12062A   21078.35777816 -.00000250  00000-0  00000+0 0  9990
2 38991   0.0645  98.2774 0001511 301.0598 191.5957  1.00271759 30640
EUTELSAT 21B            
1 38992U 12062B   21078.07827433  .00000129  00000-0  00000+0 0  9995
2 38992   0.0685  12.3509 0002483 353.5993 220.6358  1.00272240 30654
ECHOSTAR 16             
1 39008U 12065A   21078.03496156 -.00000283  00000-0  00000+0 0  9999
2 39008   0.0209 157.9334 0001926 195.5579 134.3699  1.00272048 30590
CHINASAT 12 (ZX 12)     
1 39017U 12067A   21077.89403138 -.00000208  00000-0  00000-0 0  9990
2 39017   0.0140 138.7188 0002716 219.2171 228.0670  1.00272395 30290
EUTELSAT 70B            
1 39020U 12069A   21077.91771653 -.00000044  00000-0  00000-0 0  9997
2 39020   0.0752  57.3435 0001408 146.6166  13.5328  1.00271912 30299
YAMAL 402               
1 39022U 12070A   21077.64891877  .00000084  00000-0  00000-0 0  9995
2 39022   0.0181 194.7380 0002921 174.9401  95.2443  1.00274561 30174
SKYNET 5D               
1 39034U 12075A   21078.24632804  .00000099  00000-0  00000+0 0  9998
2 39034   0.0715   9.5868 0004153 342.0170 326.7861  1.00272473 30305
MEXSAT 3                
1 39035U 12075B   21078.19130468 -.00000026  00000-0  00000+0 0  9993
2 39035   0.0236 173.8522 0002070 181.4476 135.7146  1.00269477 30265
TDRS 11                 
1 39070U 13004A   21077.74241053  .00000078  00000-0  00000-0 0  9995
2 39070   3.4502 335.9460 0006204  35.6804 257.8138  1.00267454 27476
AMAZONAS 3              
1 39078U 13006A   21078.22531214 -.00000283  00000-0  00000+0 0  9998
2 39078   0.0278 212.1718 0001923 110.0424 234.9000  1.00271055 29757
AZERSPACE 1             
1 39079U 13006B   21078.25552869  .00000133  00000-0  00000+0 0  9994
2 39079   0.0202 149.8425 0001303 217.1122 308.0194  1.00272322 29713
SBIRS GEO-2 (USA 241)   
1 39120U 13011A   21078.26716064  .00000122  00000-0  00000+0 0  9995
2 39120   1.9178 356.1587 0001713   9.7175 287.9095  1.00272804 29374
EUTELSAT 117 WEST A     
1 39122U 13012A   21078.19043156 -.00000014  00000-0  00000+0 0  9996
2 39122   0.0118 236.1955 0002870 124.9648 127.5256  1.00272585 29257
ANIK G1                 
1 39127U 13014A   21078.19694322 -.00000075  00000-0  00000+0 0  9997
2 39127   0.0359 249.5637 0001576  66.2909 184.6774  1.00272643 29034
CHINASAT 11 (ZX 11)     
1 39157U 13020A   21077.92321238 -.00000292  00000-0  00000-0 0  9992
2 39157   0.0228 251.8271 0002230  99.5853 255.6270  1.00270632 28931
EUTELSAT 7B             
1 39163U 13022A   21078.16039802  .00000047  00000-0  00000+0 0  9997
2 39163   0.0664 356.3189 0005884   2.0535 243.2760  1.00271255 28754
WGS F5 (USA 243)        
1 39168U 13024A   21078.23023719 -.00000285  00000-0  00000+0 0  9997
2 39168   0.0208 166.9026 0000377 138.2294 262.2395  1.00272814 28616
SES-6                   
1 39172U 13026A   21077.82385296 -.00000262  00000-0  00000-0 0  9995
2 39172   0.0539 297.0061 0001689  64.9038  70.7403  1.00271787 28509
IRNSS-1A                
1 39199U 13034A   21077.12506853  .00000096  00000-0  00000-0 0  9994
2 39199  31.4321  92.4318 0020142 190.9925 352.7345  1.00279042 28147
MUOS-2                  
1 39206U 13036A   21078.40601778  .00000065  00000-0  00000+0 0  9994
2 39206   2.5424   6.4838 0050893 180.7174 319.1213  1.00266424 28095
ALPHASAT                
1 39215U 13038A   21078.07271738  .00000135  00000-0  00000+0 0  9996
2 39215   2.5516  17.8683 0001862 341.0612 228.9167  1.00271419 28053
INSAT-3D                
1 39216U 13038B   21077.94905670 -.00000157  00000-0  00000-0 0  9997
2 39216   0.0324 107.6923 0001444 267.0106 225.7246  1.00272248 27884
WGS F6 (USA 244)        
1 39222U 13041A   21077.67983014  .00000088  00000-0  00000-0 0  9998
2 39222   0.0180 191.6209 0000156  57.4752  36.8723  1.00272540 26838
ES'HAIL 1               
1 39233U 13044A   21077.76577419  .00000142  00000-0  00000-0 0  9992
2 39233   0.0633   0.3069 0002156 355.7225 121.6950  1.00269601 27429
GSAT-7                  
1 39234U 13044B   21077.94427074 -.00000078  00000-0  00000-0 0  9993
2 39234   0.0100 193.4162 0007260  96.7738 300.4371  1.00272102 26118
AMOS-4                  
1 39237U 13045A   21077.77757804  .00000006  00000-0  00000-0 0  9995
2 39237   0.0255 130.1847 0002561 229.0258 162.2350  1.00272977 27748
AEHF-3 (USA 246)        
1 39256U 13050A   21077.94044720 -.00000356  00000-0  00000-0 0  9996
2 39256   0.7568  46.9310 0005942 309.2245 270.2025  1.00271346 26450
ASTRA 2E                
1 39285U 13056A   21078.07271738  .00000150  00000-0  00000+0 0  9990
2 39285   0.0790  49.0310 0002071 305.7841 236.6846  1.00274269 27375
FM-6                    
1 39360U 13058A   21077.64675146 -.00000018  00000-0  00000-0 0  9994
2 39360   0.0291 258.7929 0001059 308.1036  86.1737  1.00273205 26845
RADUGA-1M 3             
1 39375U 13062A   21077.27480084  .00000154  00000-0  00000-0 0  9999
2 39375   1.1034  94.9815 0001482 279.4204 295.6088  1.00273041 26900
SES-8                   
1 39460U 13071A   21077.82807240 -.00000271  00000-0  00000-0 0  9993
2 39460   0.0259 228.4341 0001754 141.2598 199.9902  1.00273833 25239
INMARSAT 5-F1           
1 39476U 13073A   21078.02510469  .00000028  00000-0  00000+0 0  9997
2 39476   0.0177 172.1308 0000389 335.1900 101.1076  1.00268625 26711
TKSAT-1 (TUPAC KATARI)  
1 39481U 13075A   21078.20948567 -.00000196  00000-0  00000+0 0  9996
2 39481   0.0399  78.8453 0002828 277.8233 168.5148  1.00272837 26635
EXPRESS-AM5             
1 39487U 13077A   21078.49355023 -.00000281  00000-0  00000+0 0  9999
2 39487   0.0400 316.6549 0001009 150.8544  27.4298  1.00271051 27141
GSAT-14                 
1 39498U 14001A   21078.09215907 -.00000078  00000-0  00000+0 0  9995
2 39498   0.0408 250.6339 0003434  44.4529 348.9196  1.00272262 26366
THAICOM 6               
1 39500U 14002A   21077.89327681 -.00000122  00000-0  00000-0 0  9991
2 39500   0.0633 123.2166 0001951 295.2362 158.2839  1.00272331 26246
TDRS 12                 
1 39504U 14004A   21077.46487733 -.00000271  00000-0  00000+0 0  9999
2 39504   4.3258 340.8426 0001543  59.3530 262.4823  1.00273081 26221
ABS-2                   
1 39508U 14006A   21078.25049510 -.00000087  00000-0  00000+0 0  9995
2 39508   0.0325 317.3684 0003950  35.9888 348.7227  1.00273772 26119
ATHENA-FIDUS            
1 39509U 14006B   21078.25604950  .00000153  00000-0  00000+0 0  9994
2 39509   0.0111 185.4023 0001594 202.8095 278.7834  1.00275306 26280
TURKSAT 4A              
1 39522U 14007A   21078.25604950  .00000145  00000-0  00000+0 0  9991
2 39522   0.0605 271.6794 0003982  41.1142 358.3977  1.00275904 25990
EXPRESS-AT1             
1 39612U 14010A   21078.52757748  .00000078  00000-0  00000+0 0  9994
2 39612   0.0392 317.0638 0000554 190.1302 275.9952  1.00272494 25842
EXPRESS-AT2             
1 39613U 14010B   21078.49355023 -.00000282  00000-0  00000+0 0  9999
2 39613   0.0429 314.7381 0000311 145.5708  34.4531  1.00271924 25677
AMAZONAS 4A             
1 39616U 14011A   21078.42172325 -.00000253  00000-0  00000+0 0  9996
2 39616   0.1120  81.5254 0003305 273.3153 260.1335  1.00275060 25650
ASTRA 5B                
1 39617U 14011B   21077.83815965  .00000154  00000-0  00000-0 0  9995
2 39617   0.0518 334.8200 0002849  21.1494 153.8784  1.00275821 25454
IRNSS-1B                
1 39635U 14017A   21077.12498130  .00000102  00000-0  00000-0 0  9997
2 39635  28.8456 272.6809 0019911 175.3318 187.8997  1.00269805 25573
LUCH 5V                 
1 39727U 14023A   21078.17131509 -.00000269  00000-0  00000+0 0  9990
2 39727   0.5457  44.8212 0004119  13.1155 275.3949  1.00271606543298
KAZSAT-3                
1 39728U 14023B   21078.14370523  .00000060  00000-0  00000+0 0  9997
2 39728   0.0195 201.0055 0000180 146.4461 299.6603  1.00274350 25222
EUTELSAT 3B             
1 39773U 14030A   21077.83248932  .00000019  00000-0  00000-0 0  9993
2 39773   0.0620   6.3977 0002379 181.6762 291.2947  1.00272591 24853
USA 254                 
1 40100U 14043B   21068.38281397 -.00000373  00000-0  00000+0 0  9998
2 40100   0.0352  65.9499 0000140  87.9524 279.8230  1.00134519  8451
ASIASAT 8 (AMOS-7)      
1 40107U 14046A   21078.13452265 -.00000034  00000-0  00000+0 0  9990
2 40107   0.0073 182.5396 0001911 186.0140 212.8691  1.00272246 24289
ASIASAT 6               
1 40141U 14052A   21077.74355038 -.00000363  00000-0  00000-0 0  9997
2 40141   0.0241 133.2336 0000453 242.5918 188.2347  1.00269510 23948
OPTUS 10                
1 40146U 14054A   21077.86302189 -.00000148  00000-0  00000+0 0  9996
2 40146   0.0321 191.4860 0001990 162.7828 289.0433  1.00271306 23908
MEASAT-3B               
1 40147U 14054B   21078.04494069 -.00000242  00000-0  00000+0 0  9992
2 40147   0.0364  34.2702 0002933 349.1201 261.0973  1.00271007 23951
LUCH (OLYMP)            
1 40258U 14058A   21077.83030844 -.00000067  00000-0  00000-0 0  9998
2 40258   0.0307 263.4297 0000980 115.8286  88.1734  1.00272797 21786
HIMAWARI-8              
1 40267U 14060A   21077.55257525 -.00000277  00000-0  00000-0 0  9990
2 40267   0.0371 187.0756 0000655 184.0435 144.7817  1.00272123 23541
IRNSS-1C                
1 40269U 14061A   21077.99204153 -.00000161  00000-0  00000+0 0  9991
2 40269   2.1546 154.4652 0017650  11.2933  91.1484  1.00271167 23610
INTELSAT 30 (IS-30)     
1 40271U 14062A   21077.41889843 -.00000152  00000-0  00000+0 0  9997
2 40271   0.0190 179.3270 0001821 314.6723  97.9375  1.00266952 23548
ARSAT 1                 
1 40272U 14062B   21078.03295514 -.00000261  00000-0  00000+0 0  9994
2 40272   0.0098 144.8445 0001596 191.3221 140.6710  1.00273624 23676
EXPRESS-AM6             
1 40277U 14064A   21078.47132581  .00000097  00000-0  00000+0 0  9999
2 40277   0.0533 298.3260 0000679 103.9346 357.6441  1.00274283 23463
GSAT-16                 
1 40332U 14078A   21078.24632804  .00000085  00000-0  00000+0 0  9991
2 40332   0.0382 267.5599 0004775 162.6951 250.4943  1.00269793 23046
DIRECTV 14              
1 40333U 14078B   21078.20180181 -.00000126  00000-0  00000+0 0  9991
2 40333   0.0136 165.0528 0000429 152.6336 192.6520  1.00271439 23033
YAMAL 401               
1 40345U 14082A   21078.35232309 -.00000230  00000-0  00000+0 0  9991
2 40345   0.0097 179.3030 0001114 268.8620 305.7253  1.00275456 23208
ASTRA 2G                
1 40364U 14089A   21078.07271738  .00000149  00000-0  00000+0 0  9995
2 40364   0.0120 279.4588 0003844 105.6941 206.0624  1.00266554 22801
FENGYUN 2G              
1 40367U 14090A   21078.30743800 -.00000302  00000-0  00000+0 0  9992
2 40367   0.8104  92.8621 0001594 303.5691 350.6838  1.00282000 22830
MUOS-3                  
1 40374U 15002A   21077.82873817 -.00000129  00000-0  00000-0 0  9990
2 40374   2.6242 355.5402 0051231 177.2379 286.6806  1.00272502 22377
INMARSAT 5-F2           
1 40384U 15005A   21078.51021178 -.00000286  00000-0  00000+0 0  9999
2 40384   0.0213 165.8828 0000360  96.0302  44.0319  1.00269143 22465
ABS-3A                  
1 40424U 15010A   21078.23452104 -.00000027  00000-0  00000+0 0  9999
2 40424   0.0069 183.0786 0002141 100.1365 335.2713  1.00269681 22188
EUTELSAT 115 WEST B     
1 40425U 15010B   21078.48383941 -.00000026  00000-0  00000+0 0  9998
2 40425   0.0186 336.9828 0000191 101.0817 158.4568  1.00272326 22228
EXPRESS-AM7             
1 40505U 15012A   21077.98340515  .00000150  00000-0  00000+0 0  9990
2 40505   0.0043 176.4264 0003036 168.9714 225.3341  1.00272352 22142
IRNSS-1D                
1 40547U 15018A   21078.10650959 -.00000278  00000-0  00000+0 0  9995
2 40547  28.6924 272.7273 0019909 177.0462 237.1186  1.00277230 22035
BEIDOU 17               
1 40549U 15019A   21078.03806753 -.00000162  00000-0  00000+0 0  9997
2 40549  52.6363 318.0340 0036408 187.5854 140.7599  1.00285812 21866
THOR 7                  
1 40613U 15022A   21078.29826580 -.00000009  00000-0  00000+0 0  9991
2 40613   0.0099 181.6454 0002745 171.0184 291.1069  1.00271578 21601
TURKMENALEM52E/MONACOSAT
1 40617U 15023A   21077.76577419  .00000103  00000-0  00000-0 0  9996
2 40617   0.0144 129.8372 0002939 230.5908 143.7727  1.00272477 21623
DIRECTV 15              
1 40663U 15026A   21078.41044940 -.00000104  00000-0  00000+0 0  9992
2 40663   0.0250 112.2723 0000796 116.2746 353.5081  1.00275318 21325
SKY MEXICO-1            
1 40664U 15026B   21078.18532781 -.00000235  00000-0  00000+0 0  9997
2 40664   0.0153 117.8442 0002395 257.3015 149.7329  1.00272683 21322
METEOSAT-11 (MSG-4)     
1 40732U 15034A   21077.90358431 -.00000007  00000-0  00000-0 0  9997
2 40732   0.2012 245.7621 0000178  42.2803 213.4804  1.00272138 20823
STAR ONE C4             
1 40733U 15034B   21078.50004712 -.00000265  00000-0  00000+0 0  9990
2 40733   0.0411  31.8743 0002778 324.9628 290.4179  1.00273310 20808
WGS F7 (USA 263)        
1 40746U 15036A   21077.86686028  .00000016  00000-0  00000-0 0  9994
2 40746   0.0129 163.6845 0000170  62.6315  77.3872  1.00270376 20663
INTELSAT 34 (IS-34)     
1 40874U 15039A   21078.22859758 -.00000286  00000-0  00000+0 0  9991
2 40874   0.0185 153.2174 0000580  62.3382 348.2199  1.00270706 20404
EUTELSAT 8 WEST B       
1 40875U 15039B   21078.15006373 -.00000066  00000-0  00000+0 0  9997
2 40875   0.0652   0.3013 0004331  27.5257 195.0932  1.00271533 20479
GSAT-6                  
1 40880U 15041A   21077.99195427 -.00000161  00000-0  00000+0 0  9992
2 40880   0.0203 140.3093 0002125 134.0651 342.0187  1.00270224 20406
INMARSAT 5-F3           
1 40882U 15042A   21078.40293743  .00000050  00000-0  00000+0 0  9998
2 40882   0.0180 172.8024 0000460  88.3781 240.5978  1.00272716 20342
MUOS-4                  
1 40887U 15044A   21077.91858889 -.00000094  00000-0  00000-0 0  9998
2 40887   2.7165 351.1933 0058705   0.2483 230.9607  1.00272738 20343
TJS-1                   
1 40892U 15046A   21078.53591204 -.00000156  00000-0  00000+0 0  9998
2 40892   0.0544 129.7384 0001935 255.3021 140.2660  1.00271037 20347
EXPRESS-AM8             
1 40895U 15048A   21077.90087999 -.00000112  00000-0  00000-0 0  9997
2 40895   0.0387 307.5721 0000875 165.6063  13.7868  1.00272175 20165
BEIDOU 20               
1 40938U 15053A   21078.08358118 -.00000091  00000-0  00000+0 0  9990
2 40938  52.2013 281.0896 0046977 189.1424 190.7561  1.00257684 20155
SKY MUSTER 1 (NBN1A)    
1 40940U 15054A   21077.55257525 -.00000280  00000-0  00000+0 0  9995
2 40940   0.0098 222.6694 0001675 125.5214 167.2871  1.00272078 20030
ARSAT 2                 
1 40941U 15054B   21078.18345569 -.00000226  00000-0  00000+0 0  9992
2 40941   0.0108 139.8369 0001718 202.8937 179.2466  1.00273181 20107
MORELOS 3               
1 40946U 15056A   21078.16058486 -.00000044  00000-0  00000+0 0  9994
2 40946   4.3894 330.0199 0002967 356.0765 155.4992  1.00271925 20064
APSTAR 9                
1 40982U 15059A   21077.93202322 -.00000267  00000-0  00000-0 0  9999
2 40982   0.0445 276.0814 0002024 196.2892 181.8484  1.00271510 19934
TURKSAT 4B              
1 40984U 15060A   21078.25188255  .00000114  00000-0  00000+0 0  9996
2 40984   0.0195 214.2632 0002216 129.2726 334.1722  1.00276477 19884
CHINASAT 2C (ZX 2C)     
1 41021U 15063A   21078.25813297 -.00000324  00000-0  00000+0 0  9997
2 41021   0.0399 346.6607 0002299  50.2037 336.5148  1.00272198 19800
GSAT-15                 
1 41028U 15065A   21077.99413517 -.00000259  00000-0  00000+0 0  9994
2 41028   0.0358 109.7574 0001544 271.2958 247.0702  1.00273442 19649
BADR-7 (ARABSAT-6B)     
1 41029U 15065B   21077.76577419  .00000143  00000-0  00000-0 0  9994
2 41029   0.0524 254.2560 0003634   7.2345 216.7222  1.00269545 19554
LAOSAT 1                
1 41034U 15067A   21077.90447199 -.00000344  00000-0  00000-0 0  9993
2 41034   0.0401  24.6082 0002040 306.0462 300.1150  1.00270786 19649
TELSTAR 12V             
1 41036U 15068A   21078.10723487 -.00000120  00000-0  00000+0 0  9997
2 41036   0.0190 161.2323 0002262 190.8121 208.4202  1.00272324 19513
CHINASAT 1C (ZX 1C)     
1 41103U 15073A   21075.62989207 -.00000154  00000-0  00000-0 0  9994
2 41103   2.2675  89.8472 0001781 290.6088 102.0922  1.00270015 19429
ELEKTRO-L 2             
1 41105U 15074A   21077.90079275 -.00000116  00000-0  00000-0 0  9993
2 41105   1.8607  93.6177 0000295 120.2064 272.5975  1.00273708 19307
COSMOS 2513             
1 41121U 15075A   21078.43729972 -.00000139  00000-0  00000+0 0  9991
2 41121   0.0454 116.2767 0001994 273.4209  25.1634  1.00272705 19391
EXPRESS-AMU1            
1 41191U 15082A   21077.77132833  .00000154  00000-0  00000-0 0  9993
2 41191   0.0117 234.6457 0002583 102.0541 153.6152  1.00276120 19067
GAOFEN 4                
1 41194U 15083A   21078.59393154 -.00000335  00000-0  00000+0 0  9994
2 41194   0.0216 171.3609 0003632 347.8241 337.6712  1.00271128 19281
BELINTERSAT-1           
1 41238U 16001A   21078.25188255  .00000106  00000-0  00000+0 0  9996
2 41238   0.0488 308.5925 0000782 246.4697 124.1108  1.00269499 19048
IRNSS-1E                
1 41241U 16003A   21077.95813264 -.00000287  00000-0  00000+0 0  9994
2 41241  28.9792  91.7971 0019626 191.0224 350.6055  1.00269372 18988
EUTELSAT 9B             
1 41310U 16005A   21078.13452265  .00000061  00000-0  00000+0 0  9993
2 41310   0.0825  81.8624 0004904 234.1489 278.2814  1.00272671 18897
SES-9                   
1 41380U 16013A   21077.64390191 -.00000347  00000-0  00000-0 0  9992
2 41380   0.0407 274.8513 0001459 130.0770 111.5641  1.00271181 18229
EUTELSAT 65 WEST A      
1 41382U 16014A   21078.51578514 -.00000277  00000-0  00000+0 0  9990
2 41382   0.0581 351.9592 0001919 354.3946 311.3833  1.00274685 18433
IRNSS-1F                
1 41384U 16015A   21078.21230241  .00000158  00000-0  00000+0 0  9999
2 41384   1.9622 196.0482 0023910 185.8753 263.9333  1.00265801 18476
BEIDOU IGSO-6           
1 41434U 16021A   21077.44216072 -.00000132  00000-0  00000+0 0  9995
2 41434  57.4349  57.5966 0040310 216.7451 156.7428  1.00287663 18265
IRNSS-1G                
1 41469U 16027A   21077.87419282 -.00000337  00000-0  00000-0 0  9992
2 41469   1.9548 199.4556 0005606 221.7900 199.4510  1.00264968 17980
JCSAT-2B                
1 41471U 16028A   21078.50112711 -.00000166  00000-0  00000+0 0  9993
2 41471   0.0110 134.8838 0002204 221.7448 155.0203  1.00271236 17884
THAICOM 8               
1 41552U 16031A   21077.91937400 -.00000123  00000-0  00000-0 0  9995
2 41552   0.0779  80.5916 0004826 307.4723 198.1106  1.00271629 17504
INTELSAT 31 (IS-31)     
1 41581U 16035A   21078.50417171 -.00000151  00000-0  00000+0 0  9995
2 41581   0.0140 210.0720 0002820   3.7744  49.8414  1.00267855 17489
BEIDOU-2 G7             
1 41586U 16037A   21077.81206464 -.00000354  00000-0  00000-0 0  9992
2 41586   1.5101  64.4875 0009673   9.0673 145.7833  1.00266647 17571
ABS-2A (MONGOLSAT-1)    
1 41588U 16038A   21078.09910650 -.00000085  00000-0  00000+0 0  9995
2 41588   0.0038 239.0846 0001986  51.1193 357.0291  1.00271733 17486
EUTELSAT 117 WEST B     
1 41589U 16038B   21078.48207162 -.00000012  00000-0  00000+0 0  9996
2 41589   0.0204 334.2353 0000173 112.2488 147.2896  1.00271654 17499
BRISAT                  
1 41591U 16039A   21077.93368069 -.00000198  00000-0  00000+0 0  9998
2 41591   0.0185 205.5772 0002121 145.7255 312.0007  1.00270725 17420
ECHOSTAR 18             
1 41592U 16039B   21078.51831854 -.00000282  00000-0  00000+0 0  9995
2 41592   0.0011 202.8512 0001547 147.9566 311.7110  1.00272143 17417
MUOS-5                  
1 41622U 16041A   21078.19736514 -.00000151  00000-0  00000+0 0  9998
2 41622   6.6522 304.8003 0196000 224.5030 333.6651  1.00272090 17857
TIANTONG-1 1            
1 41725U 16048A   21077.92391027 -.00000318  00000-0  00000-0 0  9991
2 41725   2.6402 340.6623 0005731  39.1810 230.7991  1.00271847 17040
JCSAT-16                
1 41729U 16050A   21077.49820140 -.00000357  00000-0  00000-0 0  9996
2 41729   0.0457  96.5061 0000294 187.2994 198.2867  1.00130072 16858
USA 270                 
1 41744U 16052A   21060.40546567 -.00000017  00000-0  00000+0 0  9998
2 41744   0.0466 102.2795 0007402 267.3246  14.9976  0.99690670  8771
USA 271                 
1 41745U 16052B   21060.40930405 -.00000322  00000-0  00000+0 0  9996
2 41745   0.7946  92.1769 0000271 357.1288 316.1097  1.00407426  8545
INTELSAT 36 (IS-36)     
1 41747U 16053A   21078.03660682 -.00000025  00000-0  00000+0 0  9994
2 41747   0.0133 184.2903 0001146 173.3891 260.8085  1.00269823 16752
INTELSAT 33E (IS-33E)   
1 41748U 16053B   21078.14400617  .00000048  00000-0  00000+0 0  9991
2 41748   0.0439 339.9340 0001551  13.1058 295.6853  1.00273609 17007
INSAT-3DR               
1 41752U 16054A   21077.74979705 -.00000078  00000-0  00000-0 0  9996
2 41752   0.0576 101.2426 0011677 177.2843 241.8569  1.00271923 16590
GSAT-18                 
1 41793U 16060A   21077.94427044 -.00000078  00000-0  00000-0 0  9994
2 41793   0.0299 117.8282 0001986  22.4647  90.3224  1.00272547 16324
SKY MUSTER 2 (NBN1B)    
1 41794U 16060B   21078.45998045 -.00000245  00000-0  00000+0 0  9991
2 41794   0.0175 204.0002 0001479 144.3341 139.2531  1.00272378 16369
HIMAWARI-9              
1 41836U 16064A   21077.55257525 -.00000277  00000-0  00000-0 0  9999
2 41836   0.0180 214.9118 0000886 163.3348 137.7532  1.00270455 15973
SHIJIAN-17 (SJ-17)      
1 41838U 16065A   21077.83918931 -.00000364  00000-0  00000-0 0  9995
2 41838   0.9002  93.5992 0005844 337.0794 165.5199  1.00275422 15991
GOES 16                 
1 41866U 16071A   21078.50988229 -.00000249  00000-0  00000+0 0  9996
2 41866   0.0601 297.4767 0001466  70.4891 277.6405  1.00273479 15901
TIANLIAN 1-04           
1 41869U 16072A   21077.86712198  .00000031  00000-0  00000-0 0  9997
2 41869   0.0455 241.3866 0019472 206.3744 217.8981  1.00277390 16083
WGS F8 (USA 272)        
1 41879U 16075A   21077.93359346 -.00000203  00000-0  00000+0 0  9992
2 41879   0.0157 141.9351 0000091 190.6009 330.0509  1.00271845 15704
FENGYUN 4A              
1 41882U 16077A   21077.51646834 -.00000331  00000-0  00000+0 0  9995
2 41882   0.1816  91.6000 0003301 349.5597  25.5914  1.00276444 15769
ECHOSTAR 19             
1 41893U 16079A   21078.41394557 -.00000139  00000-0  00000+0 0  9997
2 41893   0.0025 204.0648 0001417 140.5303 244.4855  1.00273482 15529
JCSAT-15                
1 41903U 16082A   21078.25257569 -.00000351  00000-0  00000+0 0  9992
2 41903   0.0016 187.0662 0001555 169.3455  21.5783  1.00271173 15571
STAR ONE D1             
1 41904U 16082B   21078.50397707 -.00000211  00000-0  00000+0 0  9995
2 41904   0.0244 252.3553 0002359 128.6413 253.6829  1.00269727 15576
TJS-2                   
1 41911U 17001A   21078.34008014 -.00000343  00000-0  00000+0 0  9993
2 41911   0.0702 297.4296 0009772  33.6225  75.9527  1.00274546 15518
SBIRS GEO-4 (USA 273)   
1 41937U 17004A   21078.23513639  .00000129  00000-0  00000+0 0  9997
2 41937   3.2405 312.9362 0001552  49.9132  99.3741  1.00273390 15382
HISPASAT 36W-1          
1 41942U 17006A   21078.28868868 -.00000245  00000-0  00000+0 0  9997
2 41942   0.0050  97.9540 0000982 263.7884 243.2299  1.00272518 15315
TELKOM 3S               
1 41944U 17007A   21077.99902038 -.00000363  00000-0  00000+0 0  9996
2 41944   0.0158 225.3365 0002333 131.5713 297.4780  1.00275690 14996
INTELSAT 32E (IS-32E)   
1 41945U 17007B   21078.24841170 -.00000269  00000-0  00000+0 0  9990
2 41945   0.0191 160.5695 0000557 126.3507 296.3220  1.00273685 15034
ECHOSTAR 23             
1 42070U 17014A   21077.81835711 -.00000271  00000-0  00000-0 0  9998
2 42070   0.0239 183.6203 0001933 171.2086  48.4571  1.00269373 14716
WGS F9 (USA 275)        
1 42075U 17016A   21078.32896385 -.00000095  00000-0  00000+0 0  9999
2 42075   0.0896  97.1435 0000078 172.4369  14.1285  1.00271908 14711
SES-10                  
1 42432U 17017A   21078.14584519 -.00000273  00000-0  00000+0 0  9998
2 42432   0.0172 148.9612 0002795 214.8536 158.6904  1.00269264 14525
CHINASAT 16 (SJ-13)     
1 42662U 17018A   21077.94757434 -.00000353  00000-0  00000-0 0  9999
2 42662   0.0409  76.3915 0004657 172.0144  19.9152  1.00272545 14522
KOREASAT 7              
1 42691U 17023A   21078.33452306 -.00000362  00000-0  00000+0 0  9990
2 42691   0.0222  95.4588 0000832 296.9211  21.0167  1.00270564 14234
SGDC                    
1 42692U 17023B   21077.71769325 -.00000251  00000-0  00000+0 0  9991
2 42692   0.0159 130.8163 0002230 232.7260 356.4466  1.00271226 14236
GSAT-9                  
1 42695U 17024A   21077.92312515 -.00000287  00000-0  00000-0 0  9993
2 42695   0.0058 194.5708 0002410 162.6630 249.0955  1.00270617 14098
INMARSAT 5-F4           
1 42698U 17025A   21078.20119125  .00000075  00000-0  00000+0 0  9994
2 42698   0.0017 267.2337 0000222  48.3295 350.3084  1.00271036 14048
SES-15                  
1 42709U 17026A   21078.39331950  .00000059  00000-0  00000+0 0  9992
2 42709   0.0168 102.3786 0000656 222.3078 224.8932  1.00274735 14977
QZS-2 (MICHIBIKI-2)     
1 42738U 17028A   21077.86136441 -.00000153  00000-0  00000+0 0  9991
2 42738  42.5331 270.5742 0745701 270.3538  86.1431  1.00263353 13924
VIASAT-2                
1 42740U 17029A   21078.51325502 -.00000266  00000-0  00000+0 0  9991
2 42740   0.0223 249.6866 0000285 358.8484  43.5711  1.00271884 13974
EUTELSAT 172B           
1 42741U 17029B   21077.86624962 -.00000007  00000-0  00000-0 0  9995
2 42741   0.0192 223.4060 0000199  48.5580  28.4997  1.00271272 14509
GSAT-19                 
1 42747U 17031A   21078.25188255  .00000125  00000-0  00000+0 0  9997
2 42747   0.0193 128.3667 0005509 282.3140 264.8793  1.00271715 13918
ECHOSTAR 21             
1 42749U 17032A   21077.90576521  .00000063  00000-0  00000+0 0  9999
2 42749   4.9405 311.5883 0002005  52.7281 148.6706  1.00272137 13909
CHINASAT 9A (ZX 9A)     
1 42763U 17035A   21078.15290957  .00000139  00000-0  00000+0 0  9996
2 42763   0.0858 103.0646 0007344 264.4436 272.1965  0.99780409 14432
BULGARIASAT-1           
1 42801U 17038A   21077.90410772  .00000010  00000-0  00000-0 0  9992
2 42801   0.0088 168.2253 0002642 197.0150 138.7905  1.00270911 13612
HELLAS-SAT 3            
1 42814U 17040A   21077.98323068  .00000151  00000-0  00000+0 0  9993
2 42814   0.0592  22.1346 0004818 342.8774 204.6639  1.00273447 13643
GSAT-17                 
1 42815U 17040B   21077.71368899 -.00000260  00000-0  00000-0 0  9999
2 42815   0.0096 173.6206 0003788 115.4394 237.8271  1.00273915 13579
INTELSAT 35E (IS-35E)   
1 42818U 17041A   21077.82507427 -.00000239  00000-0  00000-0 0  9993
2 42818   0.0244 220.5125 0001914 140.9067  77.6968  1.00271590 13646
COSMOS 2520             
1 42907U 17046A   21077.26647786  .00000134  00000-0  00000-0 0  9991
2 42907   0.0273 136.1219 0000361 226.4056 314.4477  1.00275318 13162
TDRS 13                 
1 42915U 17047A   21078.28634549 -.00000101  00000-0  00000+0 0  9991
2 42915   5.1537 330.7316 0016370  92.5518 205.2951  1.00272755 13168
QZS-3 (MICHIBIKI-3)     
1 42917U 17048A   21077.69146597 -.00000349  00000-0  00000-0 0  9994
2 42917   0.0508 197.5604 0001356 165.3171 189.5450  1.00271556 13046
AMAZONAS 5              
1 42934U 17053A   21078.03504882 -.00000283  00000-0  00000+0 0  9999
2 42934   0.0452 346.7610 0004556   7.2395 134.3931  1.00273489 12919
ASIASAT 9               
1 42942U 17057A   21077.01090924 -.00000362  00000-0  00000-0 0  9995
2 42942   0.0107 108.8669 0002193 250.8217 302.0735  1.00268606 12719
INTELSAT 37E (IS-37E)   
1 42950U 17059A   21077.90009487 -.00000141  00000-0  00000-0 0  9993
2 42950   0.0190 185.7198 0002090 176.5138 120.4628  1.00272602 12841
BSAT-4A                 
1 42951U 17059B   21077.99736292 -.00000351  00000-0  00000+0 0  9996
2 42951   0.0525  18.1117 0004462  15.0071 252.5220  1.00271683 12733
QZS-4 (MICHIBIKI-4)     
1 42965U 17062A   21077.68451870 -.00000320  00000-0  00000-0 0  9994
2 42965  40.8296   8.0024 0749189 269.8595 284.3988  1.00282218 12596
SES-11 (ECHOSTAR 105)   
1 42967U 17063A   21078.40954448 -.00000090  00000-0  00000+0 0  9990
2 42967   0.0188 176.7568 0002418 165.3362 237.5433  1.00271878 12596
KOREASAT 5A             
1 42984U 17067A   21077.85447278 -.00000359  00000-0  00000-0 0  9998
2 42984   0.0181 162.5189 0000795 176.8391 258.0016  1.00270810 12326
ALCOMSAT 1              
1 43039U 17078A   21077.82699347 -.00000187  00000-0  00000-0 0  9994
2 43039   0.0300 225.1023 0002168 146.8869  77.4951  1.00270620 12068
SBIRS GEO-3 (USA 282)   
1 43162U 18009A   21078.00303324 -.00000293  00000-0  00000+0 0  9991
2 43162   4.4262 317.0884 0001600  39.3674 320.3766  1.00272251 11623
AL YAH 3                
1 43174U 18012A   21078.35725344 -.00000156  00000-0  00000+0 0  9994
2 43174   0.0185 247.2437 0001595 104.0014 294.3631  1.00270795 11623
SES-14                  
1 43175U 18012B   21078.25396626 -.00000279  00000-0  00000+0 0  9997
2 43175   0.0194 192.5686 0000931 138.1802 250.1929  1.00269888 11843
GOES 17                 
1 43226U 18022A   21077.63190447  .00000096  00000-0  00000-0 0  9996
2 43226   0.0603 296.6412 0000414  77.0785 252.9465  1.00273383 11193
HISPASAT 30W-6          
1 43228U 18023A   21077.46705821 -.00000203  00000-0  00000+0 0  9998
2 43228   0.0493  33.6986 0010131  32.9391 247.7495  1.00386014 11277
SUPERBIRD 8             
1 43271U 18033A   21077.86424319 -.00000093  00000-0  00000-0 0  9999
2 43271   0.0154 220.8862 0000817 128.2597 300.5876  1.00273154 10831
HYLAS 4                 
1 43272U 18033B   21077.82524875 -.00000234  00000-0  00000-0 0  9991
2 43272   0.0652 122.9546 0001489  34.7776 282.4473  1.00273412 10863
IRNSS-1I                
1 43286U 18035A   21077.64891877  .00000103  00000-0  00000-0 0  9991
2 43286  28.8961 104.8343 0020028 188.1349 172.2428  1.00278080 10865
USA 283                 
1 43339U 18036A   21076.48295590 -.00000322  00000-0  00000+0 0  9995
2 43339   0.0261 191.2494 0001165 199.2705  92.6899  1.00263891  6086
COSMOS 2526             
1 43432U 18037A   21078.00102682 -.00000345  00000-0  00000+0 0  9994
2 43432   0.0295 135.9749 0000154 280.2890 248.9158  1.00270925 10746
APSTAR 6C               
1 43450U 18041A   21077.81068399 -.00000320  00000-0  00000-0 0  9997
2 43450   0.0258 264.5520 0001349  31.7801 306.0435  1.00268768 10622
BANGABANDHUSAT-1        
1 43463U 18044A   21077.99919486 -.00000363  00000-0  00000+0 0  9991
2 43463   0.0152 172.5554 0002349 191.5105 291.4890  1.00274429 10518
SES-12                  
1 43488U 18049A   21078.35328269 -.00000270  00000-0  00000+0 0  9994
2 43488   0.0346  74.6542 0002023 222.3659 102.2584  1.00271445 10216
FENGYUN 2H              
1 43491U 18050A   21078.20188222 -.00000129  00000-0  00000+0 0  9990
2 43491   0.0793 181.1028 0002840 309.7747 197.9166  1.00274855 10297
BEIDOU IGSO-7           
1 43539U 18057A   21077.63949328 -.00000130  00000-0  00000-0 0  9991
2 43539  55.0553 179.7649 0037712 216.2033 121.2658  1.00296852  9938
TELSTAR 19V             
1 43562U 18059A   21078.36515110 -.00000280  00000-0  00000+0 0  9993
2 43562   0.0093 179.0991 0000640 287.3273 139.1221  1.00272435  9958
TELKOM 4 (MERAH PUTIH)  
1 43587U 18064A   21078.34008014 -.00000345  00000-0  00000+0 0  9996
2 43587   0.0179 216.2978 0001255 128.6322  62.5904  1.00272700  9653
TELSTAR 18V (APSTAR 5C) 
1 43611U 18069A   21078.41254969 -.00000294  00000-0  00000+0 0  9992
2 43611   0.0233 190.9242 0001952 159.1896 113.5805  1.00270042  9400
AZERSPACE 2 (IS-38)     
1 43632U 18074A   21078.01397068  .00000136  00000-0  00000+0 0  9999
2 43632   0.0194 150.2894 0001358 202.0701 234.5499  1.00271858  9267
HORIZONS 3E             
1 43633U 18074B   21078.39608413 -.00000031  00000-0  00000+0 0  9995
2 43633   0.0369 355.8222 0000848 307.6688 185.2242  1.00272396  9119
AEHF-4 (USA 288)        
1 43651U 18079A   21078.21374238  .00000128  00000-0  00000+0 0  9992
2 43651   3.3201 312.0032 0002518  78.0375  73.8983  1.00267127  9077
BEIDOU-3 G1             
1 43683U 18085A   21078.36299350 -.00000279  00000-0  00000+0 0  9999
2 43683   1.2088 237.2866 0002772  50.2870 160.2274  1.00275333  8856
GSAT-29                 
1 43698U 18089A   21077.75535410  .00000084  00000-0  00000-0 0  9995
2 43698   0.0254 101.8807 0001657 208.1625 193.4520  1.00271672  8571
ES'HAIL 2               
1 43700U 18090A   21078.26160368  .00000144  00000-0  00000+0 0  9990
2 43700   0.0195 158.6238 0002259 230.9618 267.3915  1.00273527  8706
GEO-KOMPSAT-2A          
1 43823U 18100A   21077.92923167 -.00000345  00000-0  00000+0 0  9998
2 43823   0.0547 332.0829 0001440 333.9198 333.4497  1.00276977  8448
GSAT-11                 
1 43824U 18100B   21077.94427097 -.00000079  00000-0  00000-0 0  9997
2 43824   0.0679 260.4413 0005467 176.5602 153.6543  1.00273253  8293
GSAT-7A                 
1 43864U 18105A   21078.24598083  .00000026  00000-0  00000+0 0  9994
2 43864   0.0332 250.8806 0001796 106.4165 330.9919  1.00272375  8245
COSMOS 2533             
1 43867U 18107A   21078.20604855 -.00000040  00000-0  00000+0 0  9997
2 43867   0.0158 126.5137 0000110 229.1961 325.4396  1.00276021  8213
TJS-3                   
1 43874U 18110A   21077.94496241 -.00000211  00000-0  00000-0 0  9998
2 43874   0.0630 295.4373 0002357 133.0634 176.0981  1.00275720  8203
TJS-3 AKM               
1 43917U 18110C   21077.89535344  .00000054  00000-0  00000-0 0  9992
2 43917   0.5160 278.4122 0002899 306.8552 332.7486  1.00275965  8142
CHINASAT 2D (ZX 2D)     
1 43920U 19001A   21078.01961500 -.00000337  00000-0  00000+0 0  9992
2 43920   0.0489 278.6590 0001219 177.4952 217.7046  1.00274247  8132
HELLAS-SAT 4 & SGS-1    
1 44034U 19007A   21077.98323068  .00000152  00000-0  00000+0 0  9995
2 44034   0.0691 125.9495 0002997  16.8667  66.8863  1.00272508  8133
GSAT-31                 
1 44035U 19007B   21078.25188255  .00000125  00000-0  00000+0 0  9994
2 44035   0.0216 232.9923 0003526  83.8666 358.6841  1.00273242  7755
NUSANTARA SATU          
1 44048U 19009A   21077.93280833 -.00000235  00000-0  00000+0 0  9992
2 44048   0.0166 132.0766 0001693 218.7249 307.6894  1.00271950  7551
CHINASAT 6C (ZX 6C)     
1 44067U 19012A   21076.27832347 -.00000341  00000-0  00000+0 0  9994
2 44067   0.0274 238.9790 0002182  36.7282 129.5299  1.00269175  7505
WGS 10 (USA 291)        
1 44071U 19014A   21078.14400617  .00000047  00000-0  00000+0 0  9992
2 44071   0.0171 120.9171 0000255 130.7892  37.3152  1.00269802  7398
TIANLIAN 2-01           
1 44076U 19017A   21075.87549275 -.00000140  00000-0  00000+0 0  9996
2 44076   1.3550 283.8125 0029873 218.2386  67.6715  1.00269264  7374
ARABSAT-6A              
1 44186U 19021A   21078.26160368  .00000153  00000-0  00000+0 0  9994
2 44186   0.0561 333.5551 0003312 348.3801 339.7486  1.00269045  6944
BEIDOU-3 IGSO-1         
1 44204U 19023A   21077.85456000 -.00000186  00000-0  00000-0 0  9990
2 44204  55.8918  57.9008 0016413 206.3179 333.8783  1.00266382  7149
BEIDOU-2 G8             
1 44231U 19027A   21077.86075375 -.00000250  00000-0  00000-0 0  9999
2 44231   0.3970 316.4041 0006671 265.2998  49.2360  1.00267275  6858
YAMAL 601               
1 44307U 19031A   21077.56785549  .00000118  00000-0  00000-0 0  9998
2 44307   0.0086 165.2482 0001974 207.8323  56.6667  1.00274266  6716
AT&T T-16               
1 44333U 19034A   21077.65701860 -.00000116  00000-0  00000-0 0  9993
2 44333   0.0223 256.5721 0001106 295.9006 119.6013  1.00273786  6420
EUTELSAT 7C             
1 44334U 19034B   21078.13452265  .00000047  00000-0  00000+0 0  9991
2 44334   0.0184 227.9026 0003084 112.5571 251.8598  1.00270203  6917
BEIDOU-3 IGSO-2         
1 44337U 19035A   21077.98133779 -.00000120  00000-0  00000+0 0  9996
2 44337  55.0874 175.8087 0017458 189.4884 271.0031  1.00259212  6489
COSMOS 2539             
1 44457U 19048A   21078.27202359  .00000081  00000-0  00000+0 0  9992
2 44457   0.0152 136.6053 0000999 314.7752 195.5606  1.00273748  6015
EDRS-C                  
1 44475U 19049A   21077.42399817  .00000153  00000-0  00000-0 0  9996
2 44475   0.0784 276.5439 0000866  96.1922 347.2527  1.00272389  5984
INTELSAT 39 (IS-39)     
1 44476U 19049B   21078.02510469  .00000033  00000-0  00000+0 0  9998
2 44476   0.0183 206.4134 0001229 328.6620  72.6830  1.00270678  5934
AMOS-17                 
1 44479U 19050A   21078.26716064  .00000109  00000-0  00000+0 0  9992
2 44479   0.0138 127.2812 0001608 222.1076 300.7952  1.00271279  5976
AEHF-5 (USA 292)        
1 44481U 19051A   21078.14460719  .00000082  00000-0  00000+0 0  9996
2 44481   5.3891 306.5229 0003789  47.3236 289.5845  1.00271980  6058
EUTELSAT 5 WEST B       
1 44624U 19067A   21078.32896385 -.00000043  00000-0  00000+0 0  9992
2 44624   0.0654 350.0835 0003059  61.7537 238.6857  1.00271134  5246
MEV-1                   
1 44625U 19067B   21077.46740715 -.00000204  00000-0  00000-0 0  9992
2 44625   0.0196 197.4355 0000935 158.4075 321.1503  1.00271666  3759
TJS-4                   
1 44637U 19070A   21078.20188222 -.00000170  00000-0  00000+0 0  9992
2 44637   0.0795 297.0069 0003083  71.5888 324.4631  1.00272938  5337
BEIDOU-3 IGSO-3         
1 44709U 19073A   21077.55709229 -.00000136  00000-0  00000+0 0  9990
2 44709  57.9787 301.0887 0018866 189.9290 350.7265  1.00254298  5232
TIBA-1                  
1 44800U 19080A   21077.98253279  .00000155  00000-0  00000+0 0  9996
2 44800   0.0522   6.6843 0002030 346.3306 212.9170  1.00272909  4864
INMARSAT GX5            
1 44801U 19080B   21078.27271800  .00000075  00000-0  00000+0 0  9991
2 44801   0.0080 338.4744 0002424  25.8513 281.8808  1.00275509  4879
JCSAT-18 (KACIFIC 1)    
1 44868U 19091A   21077.93359346 -.00000202  00000-0  00000+0 0  9993
2 44868   0.0166 220.5895 0000568 155.3480 286.8318  1.00271986  4870
ELEKTRO-L 3             
1 44903U 19095A   21078.07743062 -.00000098  00000-0  00000+0 0  9998
2 44903   0.0336 273.0864 0001079 167.2047 200.4894  1.00272604  4506
SHIJIAN-20 (SJ-20)      
1 44910U 19097A   21077.89666267 -.00000208  00000-0  00000-0 0  9992
2 44910   0.7596  94.7803 0007767 319.2629 172.9016  1.00272052  4488
TJS-5                   
1 44978U 20002A   21077.86747094  .00000041  00000-0  00000-0 0  9993
2 44978   0.0140  99.4065 0001471 345.0569 222.9073  1.00270385  4484
GSAT-30                 
1 45026U 20005A   21078.07803253 -.00000165  00000-0  00000+0 0  9992
2 45026   0.0111 218.5307 0002841 204.9803 224.3927  1.00271126  4316
EUTELSAT KONNECT        
1 45027U 20005B   21078.32896385  .00000049  00000-0  00000+0 0  9999
2 45027   0.0434 109.4388 0000561 330.8053 222.4748  1.00271713  5116
JCSAT-17                
1 45245U 20013A   21077.08962872 -.00000318  00000-0  00000+0 0  9997
2 45245   6.6129 344.1425 0004025   5.4064 354.5422  1.00272947  4022
GEO-KOMPSAT-2B          
1 45246U 20013B   21078.23729834 -.00000344  00000-0  00000+0 0  9994
2 45246   0.0063  67.5976 0001342 337.9051 345.1778  1.00270703  4043
BEIDOU-3 G2             
1 45344U 20017A   21077.91963571 -.00000142  00000-0  00000-0 0  9996
2 45344   2.5510 334.0379 0002379  75.2052 178.5142  1.00272009  4054
AEHF-6 (USA 298)        
1 45465U 20022B   21078.20429047 -.00000162  00000-0  00000+0 0  9995
2 45465   6.9741 306.7960 0003877  42.0789 167.3829  1.00270658  3771
BEIDOU-3 G3             
1 45807U 20040A   21078.03938366 -.00000354  00000-0  00000+0 0  9998
2 45807   2.4930 298.3986 0008561  17.9185 345.0294  1.00265339  2873
APSTAR 6D               
1 45863U 20045A   21077.81068399 -.00000319  00000-0  00000-0 0  9992
2 45863   0.0283 114.2141 0002231 289.2239 198.9608  1.00275669  2647
KOREASAT 116            
1 45920U 20048A   21077.99867146 -.00000363  00000-0  00000+0 0  9993
2 45920   0.0230 194.3083 0000995 145.8151 312.3727  1.00271134  2436
2020-053A               
1 45985U 20053A   21078.01603801 -.00000281  00000-0  00000+0 0  9999
2 45985   0.0409 314.0721 0000212 302.2901  22.7024  1.00271627  2427
2020-053B               
1 45986U 20053B   21075.87549275 -.00000140  00000-0  00000+0 0  9999
2 45986   0.0232 281.3975 0001072 266.0008  22.3935  1.00270586  2407
BSAT-4B                 
1 46112U 20056A   21077.94757434 -.00000351  00000-0  00000-0 0  9997
2 46112   0.0440 153.6731 0001657 286.9310 187.0624  1.00272329  2172
MEV-2                   
1 46113U 20056B   21078.29462292 -.00000012  00000-0  00000+0 0  9995
2 46113   0.0103 171.8013 0002141 232.0061 238.3028  1.00270154  2822
GALAXY 30 (G-30)        
1 46114U 20056C   21078.39666183  .00000036  00000-0  00000+0 0  9997
2 46114   0.0194 195.3450 0001797 170.0877 189.5129  1.00271400  2207
GAOFEN 13               
1 46610U 20071A   21077.99893315 -.00000364  00000-0  00000+0 0  9994
2 46610   1.6248 280.0487 0004152 235.6968 138.3812  1.00267253  1698
TIANTONG-1 2            
1 46916U 20082A   21078.00041616 -.00000358  00000-0  00000+0 0  9990
2 46916   5.2033 299.1962 0001700 117.4375 245.2164  1.00271670  1442
LUCAS (JDRS-1)          
1 47202U 20089A   21077.92181661 -.00000236  00000-0  00000-0 0  9997
2 47202   0.0152 173.1709 0002698 187.1216 238.9809  1.00268686  1191
SXM-7                   
1 47240U 20096A   21078.48191550 -.00000010  00000-0  00000+0 0  9996
2 47240   0.0422  82.5280 0000926 345.9047 162.1280  1.00393340  1128
CMS-01                  
1 47256U 20099A   21077.82931517 -.00000166  00000-0  00000-0 0  9991
2 47256   0.0188 129.7036 0006211 159.2876 269.1544  1.00271048   980
TIANTONG-1 3            
1 47321U 21003A   21077.79979962 -.00000157  00000-0  00000-0 0  9992
2 47321   5.4109 309.7297 0001052  95.9675 140.3086  1.00273414   750
TJS-6                   
1 47613U 21010A   21077.86747093  .00000042  00000-0  00000-0 0  9992
2 47613   0.9335 282.3827 0001967  70.2591 314.7971  1.00273524   615
