W
GOES 1 (SMS-C) [-]      
1 08366U 75100A   21077.63913910  .00000044  00000-0  00000-0 0  9993
2 08366   9.3480 301.5269 0002362  10.5961 326.7702  1.00256534165847
GOES 2 [-]              
1 10061U 77048A   21076.71299420  .00000091  00000-0  00000-0 0  9994
2 10061  10.8487 312.0617 0015349  13.6655 167.4509  0.99393712 27213
GOES 3 [-]              
1 10953U 78062A   21077.27120017 -.00000245  00000-0  00000+0 0  9999
2 10953  11.1295 316.2267 0003578  55.3353 242.0505  0.99365165109544
GOES 4 [-]              
1 11964U 80074A   21077.57226771 -.00000012  00000-0  00000-0 0  9998
2 11964  12.0431 320.0074 0035731  56.4698 267.8688  0.99227464108419
GOES 5 [-]              
1 12472U 81049A   21077.43846434  .00000056  00000-0  00000-0 0  9992
2 12472  12.7028 330.9525 0003000  25.6252 206.3142  1.00225160103627
GOES 6 [-]              
1 14050U 83041A   21078.45181903  .00000046  00000-0  00000+0 0  9994
2 14050  13.1694 336.1020 0003734  71.4619 162.8319  1.00241982196841
GOES 7 [-]              
1 17561U 87022A   21076.63968819 -.00000332  00000-0  00000-0 0  9994
2 17561  14.6016 352.4559 0008226  24.9477 169.1205  0.99907463107801
GOES 8 [-]              
1 23051U 94022A   21077.84880243 -.00000001  00000-0  00000-0 0  9994
2 23051  12.7857  27.4874 0009072 348.5139 191.1642  0.98902516105174
GOES 9 [-]              
1 23581U 95025A   21077.63216385 -.00000253  00000-0  00000-0 0  9992
2 23581  12.2741  27.5945 0005865  38.8464 141.5770  0.98802778 93823
GOES 10 [-]             
1 24786U 97019A   21077.01963951 -.00000025  00000-0  00000-0 0  9992
2 24786  10.9090  33.4594 0024225 196.7372 340.1538  0.99124865 87065
GOES 11 [-]             
1 26352U 00022A   21077.11931097 -.00000033  00000-0  00000-0 0  9997
2 26352   7.7292  62.8501 0003242 281.8326 260.4256  0.99043130 33482
GOES 12 [-]             
1 26871U 01031A   21077.78817348 -.00000300  00000-0  00000-0 0  9996
2 26871   8.7128  51.0668 0009208 303.6679 246.6128  0.99140384 71769
EWS-G1 (GOES 13) [+]    
1 29155U 06018A   21077.77757804  .00000035  00000-0  00000-0 0  9997
2 29155   0.3444 275.2427 0003311 330.6656 272.1360  1.00271762 24154
GOES 14 [B]             
1 35491U 09033A   21078.49097858 -.00000093  00000-0  00000+0 0  9997
2 35491   0.0969 137.4792 0010397  87.7286  24.4127  1.00273301 42945
GOES 15 [B]             
1 36411U 10008A   21077.63843834  .00000055  00000-0  00000+0 0  9999
2 36411   0.1458 246.8946 0003948 146.4824 244.4429  1.00272361 40440
GOES 16 [+]             
1 41866U 16071A   21078.50988229 -.00000249  00000-0  00000+0 0  9996
2 41866   0.0601 297.4767 0001466  70.4891 277.6405  1.00273479 15901
GOES 17 [+]             
1 43226U 18022A   21077.63190447  .00000096  00000-0  00000-0 0  9996
2 43226   0.0603 296.6412 0000414  77.0785 252.9465  1.00273383 11193
