W
SCD 1                   
1 22490U 93009B   21077.57687718  .00000239  00000-0  15800-4 0  9996
2 22490  24.9689 143.9096 0043180  42.6691 103.6073 14.44602074483965
TECHSAT 1B (GO-32)      
1 25397U 98043D   21078.16785095 -.00000003  00000-0  18018-4 0  9995
2 25397  98.7619  24.0130 0001500  30.8490 329.2776 14.23703473178868
SCD 2                   
1 25504U 98060A   21077.90589000  .00000235  00000-0  15415-4 0  9997
2 25504  24.9968 353.6762 0017372  60.9072   6.0241 14.44117964182984
LANDSAT 7               
1 25682U 99020A   21078.42164346  .00000047  00000-0  20192-4 0  9990
2 25682  98.0436 138.4267 0001852  85.0095 275.1325 14.57197006166287
DLR-TUBSAT              
1 25757U 99029B   21078.35910638 -.00000010  00000-0  90356-5 0  9998
2 25757  98.4463  12.7790 0015650  69.8432 290.4445 14.51437968155374
TERRA                   
1 25994U 99068A   21078.47664677  .00000063  00000-0  23916-4 0  9990
2 25994  98.1827 154.5217 0001239  94.9209 322.3671 14.57126058130365
MAROC-TUBSAT            
1 27004U 01056D   21077.65775764 -.00000028  00000-0  19273-4 0  9996
2 27004  99.5529 214.6850 0020210  29.9885  39.6002 13.70145215963722
AQUA                    
1 27424U 02022A   21078.51101398  .00000100  00000-0  32132-4 0  9997
2 27424  98.2017  21.1646 0001075 134.3185 356.8205 14.57109770  3975
IRS-P6 (RESOURCESAT-1)  
1 28051U 03046A   21078.44445757  .00000022  00000-0  23132-4 0  9996
2 28051  98.4536 155.5674 0057028 290.9178  68.5911 14.34199616905800
SHIYAN 1 (SY-1)         
1 28220U 04012A   21077.83289031  .00000269  00000-0  26437-4 0  9995
2 28220  97.8942  55.8790 0014907  68.6324 291.6488 15.00340961921738
FORMOSAT-2 (ROCSAT 2)   
1 28254U 04018A   21078.31486086 -.00000282  00000-0 -16135-3 0  9991
2 28254  98.6902 104.9097 0000671 124.5153 246.1373 14.00704165860549
AURA                    
1 28376U 04026A   21077.94230224  .00000236  00000-0  62448-4 0  9990
2 28376  98.2015  22.7601 0001460  89.6524 270.4842 14.57108866886898
IRS-P5 (CARTOSAT-1)     
1 28649U 05017A   21077.78099244  .00000091  00000-0  17260-4 0  9992
2 28649  97.7775 146.3191 0000192 156.0487 204.0737 14.83766184859161
SINAH 1                 
1 28893U 05043D   21077.80012123  .00000027  00000-0  14676-4 0  9993
2 28893  98.0537 206.5729 0015787 157.4427 202.7471 14.61562333820392
EROS B                  
1 29079U 06014A   21078.39121069  .00002991  00000-0  13048-3 0  9997
2 29079  97.3929 200.0356 0009098  76.0173   8.9632 15.22891714827087
RESURS-DK 1             
1 29228U 06021A   21077.75187025  .00000194  00000-0  21833-4 0  9999
2 29228  69.9357 209.6546 0003448 357.7285   2.3859 15.02658932813923
ARIRANG-2 (KOMPSAT-2)   
1 29268U 06031A   21078.46270890  .00000098  00000-0  28297-4 0  9990
2 29268  97.9534 321.1059 0017491  11.0967 349.0609 14.62345333781408
LAPAN-TUBSAT            
1 29709U 07001A   21078.45724015  .00000062  00000-0  14412-4 0  9995
2 29709  97.9022  39.9171 0011749 300.9641  59.0423 14.82269564767104
CARTOSAT-2 (IRS-P7)     
1 29710U 07001B   21078.15529669  .00003317  00000-0  10437-3 0  9990
2 29710  97.8791 156.4070 0172428 199.3354 160.1286 15.20506050766921
HAIYANG-1B              
1 31113U 07010A   21078.34510779 -.00000022  00000-0  74110-5 0  9994
2 31113  98.3691 117.0014 0014968 118.2904 241.9792 14.30262867727452
COSMO-SKYMED 1          
1 31598U 07023A   21078.44816269 -.00000260  00000-0 -26141-4 0  9994
2 31598  97.8872 263.6157 0001417  91.2133 268.9240 14.82156108745565
TERRASAR-X              
1 31698U 07026A   21078.43812170 -.00000455  00000-0 -18497-4 0  9995
2 31698  97.4462  87.5196 0002147  88.6226  49.0667 15.19146822763044
WORLDVIEW-1 (WV-1)      
1 32060U 07041A   21078.07069254  .00001108  00000-0  48380-4 0  9991
2 32060  97.3595 199.2767 0001526 156.9414 203.1893 15.24180648751105
YAOGAN 3                
1 32289U 07055A   21078.47844130  .00000142  00000-0  25160-4 0  9995
2 32289  97.9802  98.2416 0001477 107.6110 252.5297 14.81073470721698
COSMO-SKYMED 2          
1 32376U 07059A   21078.48193569  .00000344  00000-0  49726-4 0  9998
2 32376  97.8872 263.6515 0001544  87.5469 272.5942 14.82155304718319
RADARSAT-2              
1 32382U 07061A   21078.47647318 -.00000018  00000-0  10125-4 0  9993
2 32382  98.5785  87.0293 0001228  96.9239  58.3009 14.29982640692278
CARTOSAT-2A             
1 32783U 08021A   21078.40995136  .00000250  00000-0  41027-4 0  9994
2 32783  97.8826 139.5289 0012709 192.5726 167.5178 14.78694058695774
HUANJING 1A (HJ-1A)     
1 33320U 08041A   21078.43450723  .00000190  00000-0  33768-4 0  9991
2 33320  97.7483 126.2915 0024049 247.6550 112.2121 14.77131060675193
HUANJING 1B (HJ-1B)     
1 33321U 08041B   21078.46300881  .00000205  00000-0  35761-4 0  9996
2 33321  97.7564 128.9754 0033266 288.3914  71.3682 14.77340499675208
GEOEYE 1                
1 33331U 08042A   21078.50224535  .00000069  00000-0  21992-4 0  9993
2 33331  98.1044 154.7490 0007328 267.5729  92.4642 14.64322441669783
THEOS                   
1 33396U 08049A   21078.47898988  .00000017  00000-0  28344-4 0  9997
2 33396  98.6995 147.5919 0001081 100.2124  15.8823 14.20047181646098
COSMO-SKYMED 3          
1 33412U 08054A   21078.46506225 -.00000201  00000-0 -18737-4 0  9993
2 33412  97.8873 263.6318 0001387  91.6546 268.4910 14.82152715670779
YAOGAN 4                
1 33446U 08061A   21078.45113307  .00000078  00000-0  18022-4 0  9999
2 33446  97.7656  29.0387 0016580 163.5137 196.6616 14.77076825662429
GOSAT (IBUKI)           
1 33492U 09002A   21077.82122360  .00000095  00000-0  25180-4 0  9997
2 33492  98.0767 190.7803 0001042  91.3514 268.7810 14.67543153650392
YAOGAN 6                
1 34839U 09021A   21078.47388432  .00000837  00000-0  33453-4 0  9996
2 34839  97.0465  77.3656 0029190 118.9414 241.4758 15.27344190661777
DEIMOS-1                
1 35681U 09041A   21078.48231333  .00000124  00000-0  27285-4 0  9997
2 35681  97.7730 306.4289 0000471 168.9551 191.1659 14.71879592624846
DUBAISAT-1              
1 35682U 09041B   21078.42357549  .00000016  00000-0  10538-4 0  9993
2 35682  97.7481 248.6225 0012708  86.7764 273.4944 14.68864028623480
OCEANSAT-2              
1 35931U 09051A   21078.48094315  .00000104  00000-0  37497-4 0  9997
2 35931  98.2910 175.8035 0000659 342.5436  17.5737 14.50846075608293
WORLDVIEW-2 (WV-2)      
1 35946U 09055A   21078.45512610  .00000051  00000-0  31403-4 0  9999
2 35946  98.4918 154.1437 0000348 193.5905 166.5281 14.37714664600536
SMOS                    
1 36036U 09059A   21078.03921059  .00000056  00000-0  31661-4 0  9990
2 36036  98.4438 267.1166 0000944  84.1687 275.9609 14.39750732597871
YAOGAN 7                
1 36110U 09069A   21078.44444875  .00000123  00000-0  25995-4 0  9993
2 36110  98.2449 285.7800 0025622  57.6219 302.7456 14.75467880607040
TANDEM-X                
1 36605U 10030A   21077.64846424  .00002884  00000-0  14046-3 0  9999
2 36605  97.4457  86.7423 0001820  89.0096  52.8521 15.19158585595663
CARTOSAT-2B             
1 36795U 10035A   21078.44594124  .00000050  00000-0  13790-4 0  9999
2 36795  97.8816 138.9891 0012334 274.9577  85.0230 14.78710532576828
YAOGAN 10               
1 36834U 10038A   21078.46834171  .00000079  00000-0  17065-4 0  9997
2 36834  97.9815  86.3637 0001350  90.3051 269.8320 14.81030305573432
COSMO-SKYMED 4          
1 37216U 10060A   21078.49459350  .00000039  00000-0  11504-4 0  9990
2 37216  97.8871 263.6600 0001506  88.5341 271.6046 14.82154051560867
RESOURCESAT-2           
1 37387U 11015A   21078.47211585  .00000002  00000-0  20828-4 0  9993
2 37387  98.6488 154.3818 0003219 321.1489  38.9466 14.21659001514517
HAIYANG-2A              
1 37781U 11043A   21078.42921093 -.00000034  00000-0  93155-5 0  9999
2 37781  99.3183  87.2365 0000940  44.9915 315.1313 13.78727796482937
RASAT                   
1 37791U 11044D   21078.45651801  .00000033  00000-0  15235-4 0  9991
2 37791  98.1014 173.3742 0022933 121.6418 238.7029 14.64817860512500
MEGHA-TROPIQUES         
1 37838U 11058A   21077.65075864  .00000457  00000-0  10876-3 0  9993
2 37838  19.9770 157.4558 0009138 330.8108  29.1785 14.09691941419452
SRMSAT                  
1 37841U 11058D   21078.46212782  .00000307  00000-0  23621-4 0  9996
2 37841  19.9713 124.9836 0012001  25.9872 102.4546 14.10688290487139
YAOGAN 13               
1 37941U 11072A   21078.43917242  .00001079  00000-0  55247-4 0  9999
2 37941  97.5828  20.2309 0002242 130.5672 344.9530 15.18778036515707
PLEIADES 1A             
1 38012U 11076F   21078.48271235  .00000613  00000-0  14179-3 0  9994
2 38012  98.2055 154.9009 0001303  86.1737 273.9077 14.58547006492754
ZIYUAN 1-02C (ZY 1-02C) 
1 38038U 11079A   21078.49534884 -.00000253  00000-0 -72575-4 0  9995
2 38038  98.6505 138.6084 0007344 163.1454 196.9872 14.35301198484226
ZIYUAN 3-1 (ZY 3-1)     
1 38046U 12001A   21078.41932854  .00001023  00000-0  48798-4 0  9995
2 38046  97.3875 154.1361 0001674 352.4075 138.3372 15.21281558510424
ARIRANG-3 (KOMPSAT-3)   
1 38338U 12025B   21078.44357320  .00000056  00000-0  20811-4 0  9998
2 38338  98.1790  19.3242 0011273   4.5133 355.6157 14.61656821471501
KANOPUS-V 1             
1 38707U 12039A   21078.39973844  .00001372  00000-0  67638-4 0  9992
2 38707  97.4643 359.9829 0001632  77.8756  58.1433 15.19604562480259
EXACTVIEW-1 (ADS-1B)    
1 38709U 12039C   21078.40743441 -.00000009  00000-0  16545-4 0  9992
2 38709  99.0729 127.0063 0010006 286.2544  73.7532 14.24042458449976
SPOT 6                  
1 38755U 12047A   21078.43004621  .00000000  00000-0  99513-5 0  9992
2 38755  98.2111 147.2702 0001209  77.4275 282.7064 14.58547659453824
PLEIADES 1B             
1 39019U 12068A   21078.44889734 -.00000002  00000-0  95074-5 0  9997
2 39019  98.2026 154.9959 0001251  81.5276 278.6073 14.58548371441605
GOKTURK 2               
1 39030U 12073A   21078.46750566  .00000053  00000-0  15808-4 0  9999
2 39030  97.9179 325.7185 0002002  34.2316 325.9015 14.72799923442382
LANDSAT 8               
1 39084U 13008A   21078.35134615  .00000053  00000-0  21766-4 0  9996
2 39084  98.1919 150.1708 0001485  95.6244 264.5124 14.57114287430723
SARAL                   
1 39086U 13009A   21078.18808495 -.00000013  00000-0  11412-4 0  9998
2 39086  98.5452 265.5863 0001657 123.4434 236.6908 14.32046724421325
GAOFEN 1                
1 39150U 13018A   21078.45324279  .00000100  00000-0  21450-4 0  9992
2 39150  97.8391 153.8768 0017974 313.5384  46.4339 14.76573947425597
VNREDSAT 1              
1 39160U 13021B   21078.47144324  .00000100  00000-0  28691-4 0  9994
2 39160  98.1202 157.1805 0001368  74.4842 285.6516 14.62959525420093
ARIRANG-5 (KOMPSAT-5)   
1 39227U 13042A   21078.46151756  .00000013  00000-0  52792-5 0  9990
2 39227  97.6249 264.9470 0001259  90.6099 299.8406 15.04512812415876
YAOGAN 18               
1 39363U 13059A   21078.47462519  .00251610  30017-4  37910-3 0  9991
2 39363  97.1937 148.8191 0009125 222.0643 266.2582 16.04580796411238
SKYSAT-1                
1 39418U 13066C   21078.16019881  .00000760  00000-0  67126-4 0  9992
2 39418  97.5969 157.3300 0020413   0.7177 359.4072 14.99110710400437
DUBAISAT-2              
1 39419U 13066D   21078.42272225  .00000594  00000-0  60266-4 0  9998
2 39419  97.5035 127.0437 0014071  12.4205 347.7377 14.94271240399236
GPM-CORE                
1 39574U 14009C   21078.28585696  .00003500  00000-0  53952-4 0  9995
2 39574  65.0050 296.8425 0011416 285.9103  74.0785 15.56107205400808
SENTINEL-1A             
1 39634U 14016A   21078.48181922 -.00000024  00000-0  45680-5 0  9995
2 39634  98.1821  87.5236 0001328  79.8413 280.2930 14.59199043370675
KAZEOSAT 1              
1 39731U 14024A   21078.43147359  .00000013  00000-0  17474-4 0  9999
2 39731  98.5106 151.4866 0001388  82.5471 277.5881 14.41966857362518
ALOS-2                  
1 39766U 14029A   21078.43870128  .00000100  00000-0  20307-4 0  9995
2 39766  97.9191 177.0969 0001614  92.7988 267.3418 14.79471490368355
KAZEOSAT 2              
1 40010U 14033A   21078.46646729  .00000061  00000-0  14093-4 0  9996
2 40010  97.7790 333.0589 0017031 122.7133 237.5716 14.82101667365054
HODOYOSHI-4             
1 40011U 14033B   21078.47130156  .00000152  00000-0  25986-4 0  9994
2 40011  97.7424 323.8575 0027861 122.6163 237.7737 14.81285388364736
DEIMOS-2                
1 40013U 14033D   21078.46622757  .00000287  00000-0  40017-4 0  9999
2 40013  97.7990 341.3372 0001730 111.5749 248.5630 14.84789093365671
HODOYOSHI-3             
1 40015U 14033F   21077.59954110  .00000039  00000-0  12079-4 0  9997
2 40015  97.7011 307.8594 0037730 145.9609 214.4034 14.78651992363942
SPOT 7                  
1 40053U 14034A   21078.18878918  .00000046  00000-0  19756-4 0  9994
2 40053  98.2256 146.6024 0001194 107.8090 252.3179 14.58545955357723
SKYSAT-2                
1 40072U 14037D   21078.08185630  .00000091  00000-0  19226-4 0  9991
2 40072  98.4593 277.5856 0006020 346.8655  13.2398 14.81384626361906
WORLDVIEW-3 (WV-3)      
1 40115U 14048A   21078.44832012  .00000097  00000-0  17562-4 0  9991
2 40115  97.8495 154.7128 0002165 106.5368 253.6103 14.85204297357610
GAOFEN 2                
1 40118U 14049A   21078.43624018  .00000134  00000-0  24071-4 0  9994
2 40118  97.8111 155.0688 0007824   6.5130 353.6191 14.80665152355764
YAOGAN 21               
1 40143U 14053A   21078.45011628  .00001274  00000-0  56182-4 0  9990
2 40143  97.4038 148.2769 0017312  27.1592 343.4226 15.23502126363274
YAOGAN 22               
1 40275U 14063A   21078.52257057 -.00000027  00000-0  47166-4 0  9991
2 40275 100.5158 196.1846 0006369 191.9440 168.1531 13.15427310307931
ASNARO                  
1 40298U 14070A   21077.21117487 -.00002294  00000-0 -10509-3 0  9990
2 40298  97.3945 160.3068 0002126  92.0088 293.8898 15.19485366352919
HODOYOSHI-1             
1 40299U 14070B   21078.44700409  .00001104  00000-0  47645-4 0  9998
2 40299  97.2931 154.4409 0011630 312.3103 102.7921 15.24543014353707
QSAT-EOS                
1 40301U 14070D   21078.45613604  .00002912  00000-0  10780-3 0  9990
2 40301  97.2617 152.3564 0022989 295.4786 119.8299 15.28223439353918
YAOGAN 23               
1 40305U 14071A   21078.41382911  .00001126  00000-0  57624-4 0  9990
2 40305  97.5548  23.0427 0001040  67.4109  80.9350 15.18704167351455
YAOGAN 24               
1 40310U 14072A   21078.43944018  .00000075  00000-0  18229-4 0  9991
2 40310  97.9234 200.9333 0018290 306.6331  53.3196 14.76298995341102
CBERS 4                 
1 40336U 14079A   21078.44825884  .00000001  00000-0  15525-4 0  9991
2 40336  98.5297 153.5683 0001511  62.3473 297.7874 14.35426659329139
RESURS P2               
1 40360U 14087A   21078.43343844  .00001119  00000-0  36253-4 0  9999
2 40360  97.2291 167.7876 0007704 284.3175 140.7704 15.34068453348462
YAOGAN 26               
1 40362U 14088A   21078.45072634  .00001404  00000-0  61449-4 0  9992
2 40362  97.2108 142.5407 0007869 239.8528 130.8070 15.23611042346742
SMAP                    
1 40376U 15003A   21077.77992882  .00000048  00000-0  18285-4 0  9998
2 40376  98.1262  86.2705 0001098 107.5963 252.5359 14.63363134327341
KOMPSAT-3A              
1 40536U 15014A   21078.41858012  .00000632  00000-0  40199-4 0  9994
2 40536  97.5724  21.0579 0001006 336.1301 136.8649 15.12359445330273
SENTINEL-2A             
1 40697U 15028A   21078.43827195  .00000018  00000-0  23501-4 0  9993
2 40697  98.5676 154.7076 0001166  86.4634 273.6691 14.30819437299783
GAOFEN 8                
1 40701U 15030A   21078.46108060  .00001879  00000-0  81548-4 0  9999
2 40701  97.5000 206.3777 0006810 258.9211 143.2357 15.23579132319118
CARBONITE 1 (CBNT-1)    
1 40718U 15032D   21078.43163978  .00000210  00000-0  38434-4 0  9999
2 40718  97.8018 315.9798 0018027  47.5636 312.7096 14.74927241306341
YAOGAN 27               
1 40878U 15040A   21078.52116575 -.00000021  00000-0  58662-4 0  9992
2 40878 100.1923 123.3141 0007873 314.5179  45.5294 13.15968566267199
GAOFEN 9-01             
1 40894U 15047A   21078.47554620  .00000120  00000-0  24508-4 0  9999
2 40894  97.8624 156.9995 0031847 239.6656 120.1405 14.76311393297051
LAPAN-A2                
1 40931U 15052B   21078.30981688  .00000767  00000-0  17791-4 0  9990
2 40931   5.9986 175.3330 0012585 209.6115 150.3718 14.76667801295954
YAOGAN 28               
1 41026U 15064A   21077.96187721 -.00007259  00000-0 -30247-3 0  9991
2 41026  97.4866 214.6042 0001659 122.1489  21.2946 15.23421819298887
YAOGAN 29               
1 41038U 15069A   21078.45119447  .00000006  00000-0  77811-5 0  9995
2 41038  98.0342  72.3209 0002256  79.2533 280.8934 14.80491695286963
KENT RIDGE 1            
1 41167U 15077B   21078.22247829  .00001100  00000-0  26909-4 0  9995
2 41167  14.9846 284.2196 0010613 202.7568 303.7567 15.09301386290352
TELEOS 1                
1 41169U 15077D   21078.13934972  .00001706  00000-0  60349-4 0  9997
2 41169  14.9802 264.8062 0010398 238.8151 121.1181 15.10929725290528
GAOFEN 4                
1 41194U 15083A   21078.59393154 -.00000335  00000-0  00000+0 0  9994
2 41194   0.0216 171.3609 0003632 347.8241 337.6712  1.00271128 19281
JASON-3                 
1 41240U 16002A   21077.86754231 -.00000044  00000-0  74440-4 0  9995
2 41240  66.0407 155.1723 0007821 273.2539  86.7581 12.80929971241605
SENTINEL-3A             
1 41335U 16011A   21078.40855050 -.00000049  00000-0 -20438-5 0  9997
2 41335  98.6343 147.2085 0001491  98.9681 261.1668 14.26731585264884
SENTINEL-1B             
1 41456U 16025A   21078.44704902 -.00000033  00000-0  26435-5 0  9994
2 41456  98.1817  87.3141 0001337  82.0339 278.1006 14.59198948260830
ZIYUAN 3-2 (ZY 3-2)     
1 41556U 16033A   21078.38450874  .00001200  00000-0  56441-4 0  9998
2 41556  97.3332 153.0187 0003448 121.1114   9.7716 15.21448069266717
NUSAT-1 (FRESCO)        
1 41557U 16033B   21078.43402740  .00002616  00000-0  95285-4 0  9995
2 41557  97.3917 172.9178 0012452 187.1566 303.3729 15.29041874267770
NUSAT-2 (BATATA)        
1 41558U 16033C   21078.35335025  .00002844  00000-0  96997-4 0  9992
2 41558  97.4004 176.2478 0011718 181.3498 262.9437 15.31134967267936
CARTOSAT-2C             
1 41599U 16040A   21078.42279689  .00000835  00000-0  42753-4 0  9995
2 41599  97.4106 139.5285 0013524 338.2166 117.5684 15.19260156262844
SKYSAT-C1               
1 41601U 16040C   21077.73989062  .00001994  00000-0  54472-4 0  9993
2 41601  97.1970 156.8781 0000994 200.8122 159.3083 15.38574548263875
LAPAN-A3                
1 41603U 16040E   21078.40832179  .00000311  00000-0  17488-4 0  9994
2 41603  97.2692 128.6977 0012444 325.3500 155.6076 15.19981833262901
BIROS                   
1 41604U 16040F   21077.70156885  .00000774  00000-0  36386-4 0  9991
2 41604  97.2754 133.1138 0010704 305.2021  54.8213 15.22424951263094
GAOFEN 3                
1 41727U 16049A   21078.48716804 -.00000024  00000-0  57901-5 0  9991
2 41727  98.4124  88.2426 0000804 107.6945 252.4337 14.42215189242512
SKYSAT-C4               
1 41771U 16058B   21077.88915787  .00001736  00000-0  47525-4 0  9994
2 41771  97.1751 148.7128 0002087  82.5100 277.6383 15.38673863250852
SKYSAT-C5               
1 41772U 16058C   21078.22869180  .00000848  00000-0  37434-4 0  9990
2 41772  97.3222 148.2784 0001857  85.1085 275.0365 15.24381222250397
SKYSAT-C2               
1 41773U 16058D   21078.44829693  .00002163  00000-0  58677-4 0  9994
2 41773  97.1761 149.5986 0002200  92.6200 267.5298 15.38688747250968
SKYSAT-C3               
1 41774U 16058E   21077.87700478  .00001729  00000-0  47363-4 0  9997
2 41774  97.1752 148.9924 0002159  92.4237 267.7256 15.38665208250867
ALSAT 1B                
1 41785U 16059C   21078.42064737  .00000016  00000-0  11978-4 0  9994
2 41785  97.9730 131.9855 0031417 163.7558 196.4665 14.63391023239110
PATHFINDER 1            
1 41787U 16059E   21078.39447522  .00000086  00000-0  25223-4 0  9994
2 41787  97.9765 133.3214 0030403 161.9883 198.2408 14.63793093239163
SCATSAT 1               
1 41790U 16059H   21078.43125741  .00000027  00000-0  18293-4 0  9993
2 41790  98.3812 120.7485 0005712 143.3855 216.7735 14.50800055237095
WORLDVIEW-4             
1 41848U 16067A   21077.84974304  .00022520  00000-0  17221-3 0  9998
2 41848  97.7997 216.1671 0013794 186.7730 173.3348 15.72055984239341
GOKTURK 1A              
1 41875U 16073A   21078.45769445  .00000045  00000-0  17939-4 0  9996
2 41875  98.1274 334.8291 0001227  86.0981 274.0350 14.62780818228763
RESOURCESAT-2A          
1 41877U 16074A   21078.50075477  .00000015  00000-0  26887-4 0  9999
2 41877  98.7636 153.0967 0000987  95.2184 264.9107 14.21606036222129
CARTOSAT-2D             
1 41948U 17008A   21077.78120435  .00000791  00000-0  40745-4 0  9990
2 41948  97.4531 139.3664 0008788 112.5540 247.6587 15.19247364226616
SENTINEL-2B             
1 42063U 17013A   21078.47323754  .00000014  00000-0  22016-4 0  9990
2 42063  98.5684 154.7429 0001434  95.0106 265.1252 14.30818242210708
ZHUHAI-1 02 (CAS-4B)    
1 42759U 17034B   21078.15377086  .00000560  00000-0  47145-4 0  9993
2 42759  43.0192 317.4857 0010532 314.9334 183.5804 15.10117412207495
NUSAT-3 (MILANESAT)     
1 42760U 17034C   21078.36496501  .00000727  00000-0  56387-4 0  9995
2 42760  43.0179 313.7100 0009748 335.2394 194.5023 15.10677719207565
ZHUHAI-1 01 (CAS-4A)    
1 42761U 17034D   21078.14939670  .00000577  00000-0  48025-4 0  9994
2 42761  43.0194 316.6242 0010987 317.0313 179.7766 15.10198830207491
CARTOSAT-2E             
1 42767U 17036C   21078.40851434  .00000799  00000-0  41287-4 0  9991
2 42767  97.5165 137.9463 0008750 153.0290 337.2162 15.19169593207275
FORMOSAT-5              
1 42920U 17049A   21078.33917703  .00000062  00000-0  26844-4 0  9995
2 42920  98.2733 159.2483 0010450 202.0957 157.9807 14.50851546188876
SENTINEL-5P             
1 42969U 17064A   21077.86001129  .00000006  00000-0  23793-4 0  9996
2 42969  98.7299  19.0010 0001074  86.9032 273.2267 14.19552567177680
SKYSAT-C11              
1 42987U 17068A   21078.29244397  .00002561  00000-0  67539-4 0  9998
2 42987  97.2483 195.1411 0010818 132.9485 227.2670 15.39369525188345
SKYSAT-C10              
1 42988U 17068B   21078.28318242  .00002458  00000-0  65127-4 0  9995
2 42988  97.2523 195.0563 0003312 155.0314 205.1093 15.39308766188362
SKYSAT-C9               
1 42989U 17068C   21078.07312240  .00002146  00000-0  57055-4 0  9990
2 42989  97.2481 194.3189 0002333  63.6169 296.5317 15.39350025188522
SKYSAT-C8               
1 42990U 17068D   21078.13036292  .00002445  00000-0  64776-4 0  9999
2 42990  97.2526 195.2938 0002658 120.8566 239.2942 15.39318152188368
SKYSAT-C7               
1 42991U 17068E   21078.11950978  .00002200  00000-0  58568-4 0  9995
2 42991  97.2531 195.2983 0001260  88.2671 271.8719 15.39269157188361
SKYSAT-C6               
1 42992U 17068F   21077.91462300  .00002173  00000-0  57896-4 0  9992
2 42992  97.2548 195.3593 0003233  68.8397 291.3195 15.39260400188344
CARTOSAT-2F             
1 43111U 18004A   21078.42804722  .00000616  00000-0  32515-4 0  9993
2 43111  97.5024 138.2146 0004716 158.2920 258.2749 15.19236095176461
NUSAT-4 (ADA)           
1 43195U 18015D   21078.41965220  .00002431  00000-0  98764-4 0  9992
2 43195  97.4705 211.9957 0015874 206.7090 238.6985 15.25445248173797
NUSAT-5 (MARYAM)        
1 43204U 18015K   21078.42549219  .00002458  00000-0  99133-4 0  9990
2 43204  97.4715 212.3280 0015482 208.4591 187.2647 15.25681335173415
GAOFEN 1-02             
1 43259U 18031A   21078.45767150  .00000110  00000-0  23066-4 0  9992
2 43259  97.9389 158.6996 0005128  50.3708 309.7959 14.76511377160004
GAOFEN 1-03             
1 43260U 18031B   21078.43628514  .00000094  00000-0  20681-4 0  9993
2 43260  97.9384 158.6711 0006359 105.6631 254.5278 14.76528988159995
GAOFEN 1-04             
1 43262U 18031D   21078.41138032  .00000156  00000-0  29703-4 0  9997
2 43262  97.9384 158.6434 0005805  67.3635 292.8187 14.76512698159986
SENTINEL-3B             
1 43437U 18039A   21078.17080701 -.00000008  00000-0  14724-4 0  9995
2 43437  98.6235 146.9400 0001518 106.0487 254.0861 14.26737164150914
GAOFEN 5                
1 43461U 18043A   21078.44780298  .00000054  00000-0  21834-4 0  9995
2 43461  98.2251  17.9462 0000690 283.3984  76.7125 14.57808514152366
GAOFEN 6                
1 43484U 18048A   21078.43896595  .00000085  00000-0  19495-4 0  9996
2 43484  97.9624 160.9302 0008247 225.7671 134.2861 14.76493088150690
GAOFEN 11-1             
1 43585U 18063A   21078.42095019  .00001135  00000-0  50265-4 0  9993
2 43585  97.3585 159.3192 0014964 339.2415 151.9654 15.23581143147102
AEOLUS                  
1 43600U 18066A   21078.24979900  .00042161  00000-0  16694-3 0  9995
2 43600  96.7199  86.4719 0007337 102.8131 257.3962 15.86622390148949
ICESAT-2                
1 43613U 18070A   21077.91507057  .00000116  00000-0  39989-5 0  9995
2 43613  91.9997 135.3433 0002532  85.2675 274.8864 15.28256883139808
HYSIS                   
1 43719U 18096A   21078.43547040  .00000200  00000-0  34298-4 0  9995
2 43719  97.8688 146.2026 0006156  99.5074 260.6843 14.78600102124303
KAZSTSAT                
1 43783U 18099AB  21077.85444632 -.00000005  00000-0  48036-5 0  9997
2 43783  97.6847 149.7132 0007989   0.5574 359.5653 14.93623758124796
SAUDISAT 5A             
1 43831U 18102A   21078.45001450 -.00000346  00000-0 -18273-4 0  9998
2 43831  97.5398 155.9605 0012995 301.5601 113.9100 15.08232290125583
SAUDISAT 5B             
1 43833U 18102C   21078.42050374  .00000290  00000-0  22512-4 0  9993
2 43833  97.5414 156.4933 0013937 308.8127 180.0769 15.08677421125602
GAOFEN 10R              
1 44622U 19066A   21078.42470032  .00000203  00000-0  33105-4 0  9991
2 44622  97.8487  21.2612 0001641  82.6025 277.5363 14.80570863 78675
CARTOSAT-3              
1 44804U 19081A   21078.44024111  .00000633  00000-0  33228-4 0  9998
2 44804  97.4583 142.4719 0013750  12.2453 358.4396 15.19253415 72552
GAOFEN 12               
1 44819U 19082A   21078.47772887 -.00000003  00000-0  63939-5 0  9993
2 44819  97.8944 102.2732 0001441 103.7644 256.3733 14.80247816 70637
NUSAT-7 (SOPHIE)        
1 45017U 20003B   21078.43276122  .00002323  00000-0  82459-4 0  9999
2 45017  97.2743 145.3583 0013568 177.7885 193.4336 15.29970026 65580
NUSAT-8 (MARIE)         
1 45018U 20003C   21078.43269817  .00002152  00000-0  80654-4 0  9998
2 45018  97.2818 144.9493 0011274 180.4046 190.4229 15.28276533 65535
NUSAT-6 (HYPATIA)       
1 46272U 20061A   21078.14400342  .00001107  00000-0  51720-4 0  9994
2 46272  97.3751 153.6236 0006089 222.9939 137.0823 15.21855762 29939
NEMO-HD                 
1 46277U 20061F   21078.42273354  .00000405  00000-0  24286-4 0  9998
2 46277  97.4396 153.9817 0001252  36.8737  23.0443 15.16272825 29897
NUSAT-12 (DOROTHY)      
1 46827U 20079A   21078.45675987  .00002419  00000-0  82501-4 0  9990
2 46827  97.2474 153.8114 0010863 124.9376 291.2578 15.31255953 20392
NUSAT-9 (ALICE)         
1 46828U 20079B   21078.43628924  .00001208  00000-0  39981-4 0  9997
2 46828  97.2367 153.8905 0006013 111.8726  16.8606 15.33226514 20406
NUSAT-11 (CORA)         
1 46829U 20079C   21078.43036554  .00002807  00000-0  93777-4 0  9999
2 46829  97.2399 153.8367 0008992 138.3775 350.3838 15.31806630 20392
NUSAT-15 (KATHERINE)    
1 46830U 20079D   21078.41855675  .00001384  00000-0  47075-4 0  9991
2 46830  97.2532 154.1147 0006153 110.4245  20.3682 15.32087805 20402
NUSAT-14 (HEDY)         
1 46831U 20079E   21078.42693068  .00002694  00000-0  89791-4 0  9995
2 46831  97.2501 153.9206 0010203 135.3797 353.5233 15.31913143 20394
NUSAT-10 (CAROLINE)     
1 46832U 20079F   21078.43404140  .00002705  00000-0  89024-4 0  9990
2 46832  97.2506 153.8719 0010347 138.7772 277.8284 15.32320065 20397
NUSAT-13 (EMMY)         
1 46833U 20079G   21078.42154309  .00002566  00000-0  85651-4 0  9996
2 46833  97.2505 153.9337 0009736 136.5765 356.1146 15.31912664 20391
NUSAT-17 (MARY)         
1 46835U 20079J   21078.42798095  .00001981  00000-0  67237-4 0  9994
2 46835  97.2501 153.9198 0009777 148.6145 340.2034 15.31634566 20397
NUSAT-18 (VERA)         
1 46836U 20079K   21078.44405522  .00002213  00000-0  73688-4 0  9993
2 46836  97.2505 154.0469 0009966 154.9021 333.6119 15.32136072 20400
NUSAT-16 (LISE)         
1 46840U 20079P   21078.45685277  .00002418  00000-0  80230-4 0  9994
2 46840  97.2514 154.0080 0007522 145.5155 271.2474 15.32177587 20401
SENTINEL-6              
1 46984U 20086A   21077.55558266 -.00000061  00000-0  00000+0 0  9993
2 46984  66.0448 155.9513 0007840 265.7513  94.2586 12.80929873 14972
