C
ASTRA 1D                
1 23331U 94070A   21077.81739751 -.00000266  00000-0  00000-0 0  9995
2 23331   9.4819  40.5859 0003745 322.3350  34.9246  1.00274270 97066
AMC-1 (GE-1)            
1 24315U 96054A   21078.18243772  .00000066  00000-0  00000+0 0  9992
2 24315   4.5589  76.7557 0003349 286.5685 108.3900  1.00273718 89810
AMC-3 (GE-3)            
1 24936U 97050A   21078.51152075 -.00000260  00000-0  00000+0 0  9997
2 24936   3.4481  83.4998 0003132 277.7833 288.1284  1.00272065 86238
NSS-5                   
1 24957U 97053A   21077.57341262  .00000105  00000-0  00000-0 0  9994
2 24957   6.5183  62.2142 0003506 289.8840  81.1389  1.00272536 85955
ASTRA 1G                
1 25071U 97076A   21078.21785374  .00000117  00000-0  00000+0 0  9997
2 25071   5.2204  71.5054 0003757 283.0801 280.2071  1.00271304 85322
ASTRA 2A                
1 25462U 98050A   21078.26160368  .00000149  00000-0  00000+0 0  9994
2 25462   2.2829  90.3081 0002275 263.0975 305.7440  1.00275073 82528
AMC-4 (GE-4)            
1 25954U 99060A   21078.55316206  .00000087  00000-0  00000+0 0  9999
2 25954   0.3906  96.7484 0003185 259.6356 245.1439  1.00271822 78271
ASTRA 2B                
1 26494U 00054A   21078.26716064  .00000118  00000-0  00000+0 0  9993
2 26494   5.1222  72.1019 0005064 284.9644 295.7079  1.00272253 75026
NSS-11 (AAP-1)          
1 26554U 00059A   21078.48187868  .00000025  00000-0  00000+0 0  9990
2 26554   0.0256 300.1700 0002850  41.6868 184.8341  1.00272610 74960
AMC-6 (GE-6)            
1 26580U 00067A   21078.55027088  .00000104  00000-0  00000+0 0  9991
2 26580   0.0091 177.4953 0002913 189.0771 229.8242  1.00271384 74777
ASTRA 2D                
1 26638U 00081A   21077.57341262  .00000063  00000-0  00000-0 0  9990
2 26638   6.3469  63.1552 0001916 287.1526  89.6638  1.00272229 33691
AMC-8 (GE-8)            
1 26639U 00081B   21077.62812656  .00000087  00000-0  00000+0 0  9992
2 26639   1.3190  93.2457 0002670 270.2255 264.0262  1.00270839 74058
ASTRA 2C                
1 26853U 01025A   21078.21785374  .00000136  00000-0  00000+0 0  9996
2 26853   3.4734  83.2808 0002921 264.7010 291.1258  1.00271047 72368
ASTRA 3A                
1 27400U 02015B   21078.20980362 -.00000202  00000-0  00000+0 0  9993
2 27400   6.4659  61.9559 0001624 282.7122 181.0397  1.00274139 69503
NSS-7                   
1 27414U 02019A   21077.82795306 -.00000157  00000-0  00000-0 0  9991
2 27414   4.8523  74.8036 0002717 291.6750  88.1610  1.00271259 69351
NSS-6                   
1 27603U 02057A   21078.52740398  .00000108  00000-0  00000+0 0  9996
2 27603   0.4798  96.7579 0004180 255.9523 204.9235  1.00270975 66823
AMC-11 (GE-11)          
1 28252U 04017A   21078.22639340  .00000069  00000-0  00000+0 0  9992
2 28252   0.0085 228.4252 0002867 140.4927 118.5566  1.00271774 61490
AMC-15                  
1 28446U 04041A   21078.54057806 -.00000089  00000-0  00000+0 0  9993
2 28446   0.0375 335.2149 0002802  33.3483 258.2908  1.00272700 60137
AMC-16                  
1 28472U 04048A   21078.21031954 -.00000206  00000-0  00000+0 0  9990
2 28472   0.0114 199.0525 0002736 146.4339 182.2095  1.00270103 59601
NSS-10 (AMC-12)         
1 28526U 05003A   21077.82446362 -.00000251  00000-0  00000-0 0  9992
2 28526   1.6690  91.9843 0003061 257.7045  86.2422  1.00272443 33936
ASTRA 1KR               
1 29055U 06012A   21077.83571705  .00000119  00000-0  00000-0 0  9994
2 29055   0.0538 269.3258 0002663  29.8514 197.4580  1.00273913 26514
AMC-18                  
1 29644U 06054B   21078.21197675 -.00000216  00000-0  00000+0 0  9995
2 29644   0.0143 259.4616 0002508  93.7578 177.0625  1.00272207 52345
ASTRA 1L                
1 31306U 07016A   21078.26716064  .00000119  00000-0  00000+0 0  9997
2 31306   0.0661 305.9929 0004503  22.9321 323.4451  1.00273311 50821
ASTRA 4A (SIRIUS 4)     
1 32299U 07057A   21078.13452265  .00000032  00000-0  00000+0 0  9994
2 32299   0.0089 173.6735 0002536 181.8481 234.6007  1.00270540 48747
AMC-21                  
1 33275U 08038B   21078.47769642  .00000036  00000-0  00000+0 0  9990
2 33275   0.0150 216.2576 0002442 136.4943 231.5491  1.00269169 46255
ASTRA 1M                
1 33436U 08057A   21078.07827433  .00000119  00000-0  00000+0 0  9991
2 33436   0.0173 139.5545 0001581 266.6181 178.0159  1.00272615 45261
CIEL-2                  
1 33453U 08063A   21078.22826641  .00000058  00000-0  00000+0 0  9996
2 33453   0.0298 243.0782 0002839 118.7611 128.4636  1.00271425 44923
NSS-9                   
1 33749U 09008A   21078.43771797  .00000071  00000-0  00000+0 0  9993
2 33749   0.0166 236.2263 0002101 118.2058 163.3917  1.00271657 44359
SES-7 (PROTOSTAR 2)     
1 34941U 09027A   21078.34008014 -.00000346  00000-0  00000+0 0  9990
2 34941   0.0451  95.8567 0001379 204.9258 106.9919  1.00274666 43401
NSS-12                  
1 36032U 09058A   21078.20119125  .00000071  00000-0  00000+0 0  9992
2 36032   0.0253 297.6734 0002621  66.4491 302.2616  1.00274104 41694
SES-1                   
1 36516U 10016A   21077.88352233 -.00000115  00000-0  00000-0 0  9998
2 36516   0.0475 290.4768 0002460  65.2805  37.9474  1.00272573 39826
ASTRA 3B                
1 36581U 10021A   21078.22137498  .00000136  00000-0  00000+0 0  9990
2 36581   0.0473  48.3277 0003223 302.7999 289.0364  1.00269072 39437
SES-3                   
1 37748U 11035A   21078.19920421 -.00000102  00000-0  00000+0 0  9998
2 37748   0.0066  21.6193 0002817 340.7521 143.2765  1.00272200 35487
ASTRA 1N                
1 37775U 11041A   21078.26716064  .00000119  00000-0  00000+0 0  9996
2 37775   0.0496   3.7255 0004945  12.7062 275.9409  1.00273045 35187
SES-2                   
1 37809U 11049A   21078.50229056 -.00000196  00000-0  00000+0 0  9995
2 37809   0.0193 247.4860 0002828 103.7097 279.8733  1.00272978 34787
QUETZSAT 1              
1 37826U 11054A   21078.49707034 -.00000242  00000-0  00000+0 0  9997
2 37826   0.0110 215.2853 0002753 151.1248 272.7782  1.00272998 34881
SES-4                   
1 38087U 12007A   21078.34778814 -.00000169  00000-0  00000+0 0  9992
2 38087   0.0094 230.1554 0002108 131.6191 278.5211  1.00270311 33270
SES-5                   
1 38652U 12036A   21078.16039802  .00000033  00000-0  00000+0 0  9998
2 38652   0.0066 145.4594 0001859 204.0996 250.0672  1.00272092 31855
ASTRA 2F                
1 38778U 12051A   21077.77132833  .00000149  00000-0  00000-0 0  9997
2 38778   0.0750 240.1193 0002201  32.9545 209.3011  1.00272606 21890
SES-6                   
1 39172U 13026A   21077.82385296 -.00000262  00000-0  00000-0 0  9995
2 39172   0.0539 297.0061 0001689  64.9038  70.7403  1.00271787 28509
O3B FM5                 
1 39188U 13031A   21077.30259206 -.00000025  00000-0  00000+0 0  9998
2 39188   0.0654  11.0547 0002491 332.9297  16.0050  5.00115942141224
O3B FM4                 
1 39189U 13031B   21077.76813960 -.00000024  00000-0  00000-0 0  9992
2 39189   0.0406 357.0633 0004577  11.4036 351.5383  5.00116095141187
O3B FM2                 
1 39190U 13031C   21076.22132960 -.00000026  00000-0  00000-0 0  9990
2 39190   0.0374 350.9656 0007554  26.4443 342.6126  5.00115709141161
O3B PFM                 
1 39191U 13031D   21077.87400939 -.00000024  00000-0  00000-0 0  9995
2 39191   0.0566   9.1030 0003018 339.6180  11.2699  5.00115684141023
ASTRA 2E                
1 39285U 13056A   21078.07271738  .00000150  00000-0  00000+0 0  9990
2 39285   0.0790  49.0310 0002071 305.7841 236.6846  1.00274269 27375
SES-8                   
1 39460U 13071A   21077.82807240 -.00000271  00000-0  00000-0 0  9993
2 39460   0.0259 228.4341 0001754 141.2598 199.9902  1.00273833 25239
ASTRA 5B                
1 39617U 14011B   21077.83815965  .00000154  00000-0  00000-0 0  9995
2 39617   0.0518 334.8200 0002849  21.1494 153.8784  1.00275821 25454
O3B FM3                 
1 40079U 14038A   21077.35535670 -.00000024  00000-0  00000-0 0  9994
2 40079   0.0475   1.6314 0000948 288.5533  69.8025  5.00115573117150
O3B FM7                 
1 40080U 14038B   21077.10195498 -.00000025  00000-0  00000-0 0  9990
2 40080   0.0468 356.1983 0004400   3.1582   0.6401  5.00115765121975
O3B FM6                 
1 40081U 14038C   21077.72772194 -.00000024  00000-0  00000-0 0  9992
2 40081   0.0464   1.9609 0002648 352.8803   5.1536  5.00115769121955
O3B FM8                 
1 40082U 14038D   21077.78159595 -.00000024  00000-0  00000-0 0  9993
2 40082   0.0433   1.0871 0002550 357.4184   1.4912  5.00115387122076
O3B FM10                
1 40348U 14083A   21077.80791629 -.00000024  00000-0  00000-0 0  9991
2 40348   0.0516  10.4285 0002507 346.2028   3.3645  5.00115821114013
O3B FM11                
1 40349U 14083B   21077.22141351 -.00000025  00000-0  00000-0 0  9990
2 40349   0.0545   6.4430 0003190 343.8409   9.7072  5.00115844114006
O3B FM12                
1 40350U 14083C   21078.28843845 -.00000024  00000-0  00000+0 0  9994
2 40350   0.0535   6.4949 0002765 351.9288   1.5731  5.00115741114204
O3B FM9                 
1 40351U 14083D   21077.47510259 -.00000024  00000-0  00000+0 0  9995
2 40351   0.0555   5.8045 0002584 348.9233   5.2669  5.00115227114189
ASTRA 2G                
1 40364U 14089A   21078.07271738  .00000149  00000-0  00000+0 0  9995
2 40364   0.0120 279.4588 0003844 105.6941 206.0624  1.00266554 22801
SES-9                   
1 41380U 16013A   21077.64390191 -.00000347  00000-0  00000-0 0  9992
2 41380   0.0407 274.8513 0001459 130.0770 111.5641  1.00271181 18229
SES-10                  
1 42432U 17017A   21078.14584519 -.00000273  00000-0  00000+0 0  9998
2 42432   0.0172 148.9612 0002795 214.8536 158.6904  1.00269264 14525
SES-15                  
1 42709U 17026A   21078.39331950  .00000059  00000-0  00000+0 0  9992
2 42709   0.0168 102.3786 0000656 222.3078 224.8932  1.00274735 14977
SES-11 (ECHOSTAR 105)   
1 42967U 17063A   21078.40954448 -.00000090  00000-0  00000+0 0  9990
2 42967   0.0188 176.7568 0002418 165.3362 237.5433  1.00271878 12596
SES-14                  
1 43175U 18012B   21078.25396626 -.00000279  00000-0  00000+0 0  9997
2 43175   0.0194 192.5686 0000931 138.1802 250.1929  1.00269888 11843
O3B FM15                
1 43231U 18024A   21077.54168142 -.00000024  00000-0  00000-0 0  9993
2 43231   0.0501  14.0730 0002772 338.6965   7.2240  5.00115622 55146
O3B FM16                
1 43232U 18024B   21077.19519797 -.00000025  00000-0  00000+0 0  9991
2 43232   0.0494  18.6370 0002805 333.5828   7.7732  5.00115571 55275
O3B FM14                
1 43233U 18024C   21077.83473910 -.00000024  00000-0  00000+0 0  9998
2 43233   0.0487  20.2003 0002979 333.6777   6.1160  5.00116012 55309
O3B FM13                
1 43234U 18024D   21078.04825139 -.00000024  00000-0  00000+0 0  9997
2 43234   0.0728   6.0719 0004331 309.9634  43.9279  5.00115912 55326
SES-12                  
1 43488U 18049A   21078.35328269 -.00000270  00000-0  00000+0 0  9994
2 43488   0.0346  74.6542 0002023 222.3659 102.2584  1.00271445 10216
O3B FM20                
1 44112U 19020A   21077.46121216 -.00000024  00000-0  00000-0 0  9991
2 44112   0.0510  10.2898 0003023 336.5736  13.1262  5.00115667 35676
O3B FM19                
1 44113U 19020B   21077.64848224 -.00000024  00000-0  00000-0 0  9997
2 44113   0.0681  17.9250 0002437 309.7825  32.2750  5.00116092 35544
O3B FM17                
1 44114U 19020C   21077.76823065 -.00000024  00000-0  00000-0 0  9997
2 44114   0.0321  17.8059 0002766 333.1047   9.0819  5.00115183 35654
O3B FM18                
1 44115U 19020D   21077.71509687 -.00000024  00000-0  00000-0 0  9994
2 44115   0.0514  10.3336 0002722 345.0902   4.5713  5.00115594 35771
